Run semi-empirical minimization
 &qmmm
    qm_theory='AM1', grms_tol=0.0005,
 scfconv=1.d-10, ndiis_attempts=700,   qmcharge=-1,
 /
   6     C      -34.7660        2.9640        8.4070 
   6    C1      -36.0100        3.4610        8.5750 
   6    C2      -36.2950        4.8110        8.2730 
   6    C3      -37.8070        6.5170        8.1760 
   6    C4      -36.8400        7.3880        7.6930 
   6    C5      -35.5670        6.9650        7.4930 
   6    C6      -34.5690        7.9860        6.9680 
   6    C7      -35.2610        5.6330        7.7910 
   6    C8      -33.9680        5.0810        7.6330 
   6    C9      -33.7310        3.7860        7.9310 
   7     N      -37.5760        5.2360        8.4730 
   8     O      -33.8970        6.4940        4.7670 
   8    O1      -33.5070        9.0150        4.6590 
   8    O2      -35.8850        8.0840        4.5900 
  15     P      -34.3800        7.8780        5.1410 
   1     H      -34.5800        2.0060        8.6240 
   1    H1      -36.7370        2.8660        8.9160 
   1    H2      -38.7330        6.8700        8.3100 
   1    H3      -37.0840        8.3370        7.4920 
   1    H4      -33.6810        7.8240        7.3990 
   1    H5      -34.9110        8.8990        7.1910 
   1    H6      -33.2220        5.6570        7.2970 
   1    H7      -32.8130        3.4090        7.8120 
   1    H8      -36.4250        8.6560        5.2170 

