Run semi-empirical minimization
 &qmmm
    qm_theory='AM1', grms_tol=0.0005,
 scfconv=1.d-10, ndiis_attempts=700,   qmcharge=-1,
 /
   6     C      -38.1220        4.5010        9.6340 
   6    C1      -37.2480        3.5570        9.1730 
   6    C2      -36.0740        3.9180        8.5310 
   6    C3      -34.0620        3.2470        7.6030 
   6    C4      -33.6830        4.6010        7.3330 
   6    C5      -34.5300        5.6040        7.6340 
   6    C6      -34.0680        6.9980        7.2660 
   6    C7      -35.7760        5.2700        8.3330 
   6    C8      -36.6720        6.2260        8.8350 
   6    C9      -37.8220        5.8400        9.4660 
   8     O      -35.2590        2.9030        8.1320 
   8    O1      -34.0250        8.8410        5.2300 
   8    O2      -33.7900        6.3770        4.6070 
   8    O3      -36.0410        7.2830        5.3960 
  15     P      -34.4330        7.4110        5.5060 
   6   C10      -39.3980        4.0900       10.3400 
   8    O4      -33.2340        2.3940        7.2990 
  35    BR      -36.3620        8.0790        8.7160 
   1     H      -37.4590        2.5880        9.3020 
   1    H1      -32.7940        4.8010        6.9220 
   1    H2      -33.0810        7.0610        7.4160 
   1    H3      -34.5640        7.6470        7.8420 
   1    H4      -38.4540        6.5340        9.8110 
   1    H5      -36.4930        8.1170        5.7290 
   1    H6      -39.8980        4.9110       10.6150 
   1    H7      -39.9640        3.5420        9.7230 
   1    H8      -39.1750        3.5440       11.1480 

