Run semi-empirical minimization
 &qmmm
    qm_theory='AM1', grms_tol=0.0005,
 scfconv=1.d-10, ndiis_attempts=700,   qmcharge=-1,
 /
   6     C      -39.1750        5.6300        8.7960 
   6    C1      -38.3370        4.5560        8.6070 
   6    C2      -37.0460        4.7180        8.1320 
   6    C3      -35.0020        3.7910        7.5650 
   6    C4      -34.4540        5.0730        7.2390 
   6    C5      -35.2250        6.1730        7.3420 
   6    C6      -34.6430        7.5320        7.0130 
   6    C7      -36.5880        6.0020        7.8340 
   6    C8      -37.4380        7.0900        8.0290 
   6    C9      -38.7040        6.9090        8.4990 
   8     O      -36.2780        3.6040        7.9820 
   8    O1      -33.9700        6.5810        4.5090 
   8    O2      -33.6590        9.0720        4.9660 
   8    O3      -36.0070        8.0950        4.7350 
  15     P      -34.4830        7.8240        5.2000 
   8    O4      -40.4070        5.4050        9.2600 
   8    O5      -34.2320        2.8430        7.4360 
   6   C10      -40.5630        4.8370       10.5760 
   1     H      -38.6670        3.6370        8.8170 
   1    H1      -33.5040        5.1520        6.9380 
   1    H2      -33.7370        7.6010        7.4310 
   1    H3      -35.2700        8.2220        7.3730 
   1    H4      -37.1140        8.0140        7.8210 
   1    H5      -39.3010        7.7010        8.6320 
   1    H6      -36.4660        8.7370        5.3590 
   1    H7      -39.6590        4.6850       10.9740 
   1    H8      -41.0850        5.4630       11.1550 
   1    H9      -41.0540        3.9680       10.5120 

