Run semi-empirical minimization
 &qmmm
    qm_theory='AM1', grms_tol=0.0005,
 scfconv=1.d-10, ndiis_attempts=700,   qmcharge=-1,
 /
   6     C      -38.7600        4.8910        9.0860 
   6    C1      -37.6850        4.0580        8.9360 
   6    C2      -36.4720        4.5290        8.4590 
   6    C3      -34.2480        4.1050        7.9770 
   6    C4      -34.0250        5.4640        7.5850 
   6    C5      -35.0470        6.3430        7.6060 
   6    C6      -34.7350        7.7540        7.1470 
   6    C7      -36.3410        5.8770        8.1150 
   6    C8      -37.4460        6.7190        8.2920 
   6    C9      -38.6330        6.2290        8.7660 
   8     O      -35.4550        3.6290        8.3610 
   8    O1      -33.7630        9.1140        4.9690 
   8    O2      -34.0260        6.5850        4.7700 
   8    O3      -36.0880        8.0820        4.7780 
  15     P      -34.5760        7.8860        5.3130 
   6   C10      -40.0810        4.3650        9.6120 
   8    O4      -33.2650        3.3730        7.9290 
   9     F      -37.3790        8.0270        8.0200 
   1     H      -37.7770        3.0910        9.1740 
   1    H1      -33.1150        5.7600        7.2970 
   1    H2      -33.8760        8.0460        7.5680 
   1    H3      -35.4970        8.3380        7.4270 
   1    H4      -39.4140        6.8430        8.8810 
   1    H5      -36.6010        8.7170        5.3660 
   1    H6      -40.7350        5.1200        9.6610 
   1    H7      -40.4300        3.6550        9.0010 
   1    H8      -39.9480        3.9740       10.5230 

