Run semi-empirical minimization
 &qmmm
    qm_theory='AM1', grms_tol=0.0005,
 scfconv=1.d-10, ndiis_attempts=700,   qmcharge=-1,
 /
   6     C      -35.2710        8.1300        7.5010 
   6    C1      -34.6560        7.5120        6.4500 
   6    C2      -34.6030        6.1260        6.3860 
   6    C3      -33.9480        4.1920        5.1060 
   6    C4      -34.4990        3.3530        6.1320 
   6    C5      -35.0470        3.8810        7.2550 
   6    C6      -35.5610        2.8740        8.2610 
   6    C7      -35.1600        5.3410        7.3960 
   6    C8      -35.8040        6.0000        8.4570 
   6    C9      -35.8480        7.3650        8.5020 
   7     N      -34.0020        5.5190        5.2960 
   8     O      -36.8800        1.4850        6.2960 
   8    O1      -38.2820        2.9640        7.8340 
   8    O2      -37.2560        0.8020        8.7250 
  15     P      -37.0990        2.0330        7.6890 
  35    BR      -35.3490       10.0070        7.5820 
   8    O3      -33.4490        3.6620        4.1160 
  35   Br1      -36.6640        5.0820        9.8570 
   1     H      -34.2420        8.0610        5.7240 
   1    H1      -34.4780        2.3600        6.0170 
   1    H2      -35.7510        3.3460        9.1220 
   1    H3      -34.8570        2.1740        8.3780 
   1    H4      -36.3040        7.8180        9.2690 
   1    H5      -33.6410        6.0330        4.6790 
   1    H6      -37.4410        1.1350        9.6560 

