Run semi-empirical minimization
 &qmmm
    qm_theory='AM1', grms_tol=0.0005,
 scfconv=1.d-10, ndiis_attempts=700,   qmcharge=-1,
 /
   6     C      -34.5220        3.0770        8.6870 
   6    C1      -35.8120        3.4870        8.7500 
   6    C2      -36.1250        4.7710        8.3210 
   6    C3      -37.7240        6.5030        7.9440 
   6    C4      -36.6960        7.3320        7.4600 
   6    C5      -35.4190        6.8930        7.4070 
   6    C6      -34.3430        7.8270        6.8880 
   6    C7      -35.0880        5.5870        7.8400 
   7     N      -33.7860        5.1820        7.7720 
   6    C8      -33.5460        3.9390        8.2000 
   6    C9      -37.4500        5.2500        8.3660 
   8     O      -33.8880        6.5650        4.4990 
   8    O1      -33.5060        9.0860        4.5940 
   8    O2      -35.8830        8.1470        4.6790 
  15     P      -34.3290        7.9020        5.0510 
   1     H      -34.2720        2.1580        8.9910 
   1    H1      -36.5250        2.8770        9.0980 
   1    H2      -38.6630        6.8430        7.9750 
   1    H3      -36.9120        8.2580        7.1520 
   1    H4      -33.4520        7.5060        7.2080 
   1    H5      -34.5370        8.7460        7.2330 
   1    H6      -32.6040        3.6070        8.1680 
   1    H7      -38.1840        4.6640        8.7090 
   1    H8      -36.3220        8.7580        5.3460 

