       0     2.210     1.945     2.049     2.091     2.035     2.082     3.262     2.085 
      10     2.203     1.956     2.045     2.070     2.023     2.107     3.232     2.074 
      20     2.175     1.983     2.033     2.024     1.985     2.188     3.090     2.068 
      30     2.141     1.994     2.030     2.017     1.959     2.236     2.846     2.085 
      40     2.135     1.997     2.033     2.012     1.959     2.240     2.806     2.079 
      50     2.135     1.997     2.033     2.012     1.959     2.240     2.806     2.079 
      60     2.135     1.997     2.033     2.012     1.959     2.240     2.806     2.079 
      70     2.135     1.997     2.033     2.012     1.959     2.240     2.806     2.079 
      80     2.135     1.997     2.033     2.012     1.959     2.240     2.806     2.079 
      90     2.135     1.997     2.033     2.012     1.959     2.240     2.806     2.079 
     100     2.135     1.997     2.033     2.012     1.959     2.240     2.806     2.079 
     110     2.135     1.997     2.033     2.012     1.959     2.240     2.806     2.079 
     120     2.135     1.997     2.033     2.012     1.959     2.240     2.806     2.079 
     130     2.135     1.997     2.033     2.012     1.959     2.240     2.806     2.079 
     140     2.135     1.997     2.033     2.012     1.959     2.240     2.806     2.079 
     150     2.135     1.997     2.033     2.012     1.959     2.240     2.806     2.079 
     160     2.135     1.997     2.033     2.012     1.959     2.240     2.806     2.079 
     170     2.135     1.997     2.033     2.012     1.959     2.240     2.806     2.079 
     180     2.135     1.997     2.033     2.012     1.959     2.240     2.806     2.079 
     190     2.135     1.997     2.033     2.012     1.959     2.240     2.806     2.079 
     200     2.135     1.997     2.033     2.012     1.959     2.240     2.806     2.079 
     210     2.135     1.997     2.033     2.012     1.959     2.240     2.806     2.079 
     220     2.135     1.997     2.033     2.012     1.959     2.240     2.806     2.079 
     230     2.135     1.997     2.033     2.012     1.959     2.240     2.806     2.079 
     240     2.135     1.997     2.033     2.012     1.959     2.240     2.806     2.079 
     250     2.135     1.997     2.033     2.012     1.959     2.240     2.806     2.079 
     260     2.135     1.997     2.033     2.012     1.959     2.240     2.806     2.079 
     270     2.135     1.997     2.033     2.012     1.959     2.240     2.806     2.079 
     280     2.135     1.997     2.033     2.012     1.959     2.240     2.806     2.079 
     290     2.135     1.997     2.033     2.012     1.959     2.240     2.806     2.079 
     300     2.135     1.997     2.033     2.012     1.959     2.240     2.806     2.079 
     310     2.135     1.997     2.033     2.012     1.959     2.240     2.806     2.079 
     320     2.135     1.997     2.033     2.012     1.959     2.240     2.806     2.079 
     330     2.135     1.997     2.033     2.012     1.959     2.240     2.806     2.079 
     340     2.135     1.997     2.033     2.012     1.959     2.240     2.806     2.079 
     350     2.135     1.997     2.033     2.012     1.959     2.240     2.806     2.079 
     360     2.135     1.997     2.033     2.012     1.959     2.240     2.806     2.079 
     370     2.135     1.997     2.033     2.012     1.959     2.240     2.806     2.079 
     380     2.135     1.997     2.033     2.012     1.959     2.240     2.806     2.079 
     390     2.135     1.997     2.033     2.012     1.959     2.240     2.806     2.079 
     400     2.135     1.997     2.033     2.012     1.959     2.240     2.806     2.079 
     410     2.135     1.997     2.033     2.012     1.959     2.240     2.806     2.079 
     420     2.135     1.997     2.033     2.012     1.959     2.240     2.806     2.079 
     430     2.135     1.997     2.033     2.012     1.959     2.240     2.806     2.079 
     440     2.135     1.997     2.033     2.012     1.959     2.240     2.806     2.079 
     450     2.135     1.997     2.033     2.012     1.959     2.240     2.806     2.079 
     460     2.135     1.997     2.033     2.012     1.959     2.240     2.806     2.079 
     470     2.135     1.997     2.033     2.012     1.959     2.240     2.806     2.079 
     480     2.135     1.997     2.033     2.012     1.959     2.240     2.806     2.079 
     490     2.135     1.997     2.033     2.012     1.959     2.240     2.806     2.079 
     500     2.135     1.997     2.033     2.012     1.959     2.240     2.806     2.079 
     510     2.135     1.997     2.033     2.012     1.959     2.240     2.806     2.079 
     520     2.135     1.997     2.033     2.012     1.959     2.240     2.806     2.079 
     530     2.135     1.997     2.033     2.012     1.959     2.240     2.806     2.079 
     540     2.135     1.997     2.033     2.012     1.959     2.240     2.806     2.079 
     550     2.135     1.997     2.033     2.012     1.959     2.240     2.806     2.079 
     560     2.135     1.997     2.033     2.012     1.959     2.240     2.806     2.079 
     570     2.135     1.997     2.033     2.012     1.959     2.240     2.806     2.079 
     580     2.135     1.997     2.033     2.012     1.959     2.240     2.806     2.079 
     590     2.135     1.997     2.033     2.012     1.959     2.240     2.806     2.079 
     600     2.135     1.997     2.033     2.012     1.959     2.240     2.806     2.079 
     610     2.135     1.997     2.033     2.012     1.959     2.240     2.806     2.079 
     620     2.135     1.997     2.033     2.012     1.959     2.240     2.806     2.079 
     630     2.135     1.997     2.033     2.012     1.959     2.240     2.806     2.079 
     640     2.135     1.997     2.033     2.012     1.959     2.240     2.806     2.079 
     650     2.135     1.997     2.033     2.012     1.959     2.240     2.806     2.079 
     660     2.135     1.997     2.033     2.012     1.959     2.240     2.806     2.079 
     670     2.135     1.997     2.033     2.012     1.959     2.240     2.806     2.079 
     680     2.135     1.997     2.033     2.012     1.959     2.240     2.806     2.079 
     690     2.135     1.997     2.033     2.012     1.959     2.240     2.806     2.079 
     700     2.135     1.997     2.033     2.012     1.959     2.240     2.806     2.079 
     710     2.135     1.997     2.033     2.012     1.959     2.240     2.806     2.079 
     720     2.135     1.997     2.033     2.012     1.959     2.240     2.806     2.079 
     730     2.135     1.997     2.033     2.012     1.959     2.240     2.806     2.079 
     740     2.135     1.997     2.033     2.012     1.959     2.240     2.806     2.079 
     750     2.135     1.997     2.033     2.012     1.959     2.240     2.806     2.079 
     760     2.135     1.997     2.033     2.012     1.959     2.240     2.806     2.079 
     770     2.135     1.997     2.033     2.012     1.959     2.240     2.806     2.079 
     780     2.135     1.997     2.033     2.012     1.959     2.240     2.806     2.079 
     790     2.135     1.997     2.033     2.012     1.959     2.240     2.806     2.079 
     800     2.135     1.997     2.033     2.012     1.959     2.240     2.806     2.079 
     810     2.135     1.997     2.033     2.012     1.959     2.240     2.806     2.079 
     820     2.135     1.997     2.033     2.012     1.959     2.240     2.806     2.079 
     830     2.135     1.997     2.033     2.012     1.959     2.240     2.806     2.079 
     840     2.135     1.997     2.033     2.012     1.959     2.240     2.806     2.079 
     850     2.135     1.997     2.033     2.012     1.959     2.240     2.806     2.079 
     860     2.135     1.997     2.033     2.012     1.959     2.240     2.806     2.079 
     870     2.135     1.997     2.033     2.012     1.959     2.240     2.806     2.079 
     880     2.135     1.997     2.033     2.012     1.959     2.240     2.806     2.079 
     890     2.135     1.997     2.033     2.012     1.959     2.240     2.806     2.079 
     900     2.135     1.997     2.033     2.012     1.959     2.240     2.806     2.079 
     910     2.135     1.997     2.033     2.012     1.959     2.240     2.806     2.079 
     920     2.135     1.997     2.033     2.012     1.959     2.240     2.806     2.079 
     930     2.135     1.997     2.033     2.012     1.959     2.240     2.806     2.079 
     940     2.135     1.997     2.033     2.012     1.959     2.240     2.806     2.079 
     950     2.135     1.997     2.033     2.012     1.959     2.240     2.806     2.079 
     960     2.135     1.997     2.033     2.012     1.959     2.240     2.806     2.079 
     970     2.135     1.997     2.033     2.012     1.959     2.240     2.806     2.079 
     980     2.135     1.997     2.033     2.012     1.959     2.240     2.806     2.079 
     990     2.135     1.997     2.033     2.012     1.959     2.240     2.806     2.079 
