       0     2.285     2.087     2.173     2.086     2.002     2.314     2.388     2.071 
      10     2.283     2.089     2.171     2.080     2.002     2.317     2.389     2.069 
      20     2.278     2.095     2.159     2.057     2.001     2.329     2.391     2.060 
      30     2.283     2.098     2.139     2.036     2.002     2.358     2.391     2.055 
      40     2.290     2.104     2.142     2.024     2.008     2.375     2.392     2.063 
      50     2.290     2.104     2.142     2.024     2.008     2.375     2.392     2.063 
      60     2.290     2.104     2.142     2.024     2.010     2.374     2.394     2.065 
      70     2.290     2.104     2.142     2.024     2.010     2.374     2.394     2.065 
      80     2.290     2.104     2.142     2.024     2.010     2.373     2.395     2.065 
      90     2.290     2.104     2.142     2.024     2.010     2.374     2.394     2.065 
     100     2.290     2.104     2.142     2.024     2.010     2.374     2.394     2.065 
     110     2.290     2.104     2.142     2.024     2.010     2.374     2.394     2.065 
     120     2.290     2.104     2.142     2.024     2.010     2.374     2.394     2.065 
     130     2.290     2.104     2.142     2.024     2.010     2.374     2.394     2.065 
     140     2.290     2.104     2.142     2.024     2.010     2.374     2.394     2.065 
     150     2.290     2.104     2.142     2.024     2.010     2.374     2.394     2.065 
     160     2.290     2.104     2.142     2.024     2.010     2.374     2.394     2.065 
     170     2.290     2.104     2.142     2.024     2.010     2.374     2.394     2.065 
     180     2.290     2.104     2.142     2.024     2.010     2.374     2.394     2.065 
     190     2.290     2.104     2.142     2.024     2.010     2.374     2.394     2.065 
     200     2.290     2.104     2.142     2.024     2.010     2.374     2.394     2.065 
     210     2.290     2.104     2.142     2.024     2.010     2.374     2.394     2.065 
     220     2.290     2.104     2.142     2.024     2.010     2.373     2.395     2.065 
     230     2.290     2.104     2.142     2.024     2.010     2.373     2.395     2.065 
     240     2.290     2.104     2.142     2.024     2.010     2.374     2.394     2.065 
