Run semi-empirical minimization
 &qmmm
    qm_theory='AM1', grms_tol=0.0005,
 scfconv=1.d-10, ndiis_attempts=700,   qmcharge=-1,
 /
   6     C      -38.3380        4.7260        9.3960 
   6    C1      -37.4010        3.7550        9.1820 
   6    C2      -36.1640        4.0600        8.6420 
   6    C3      -34.0630        3.2990        8.0460 
   6    C4      -33.6540        4.6070        7.6440 
   6    C5      -34.5210        5.6390        7.7230 
   6    C6      -33.9380        6.9550        7.2370 
   6    C7      -35.8530        5.3810        8.2950 
   6    C8      -36.8200        6.3810        8.5290 
   6    C9      -38.0400        6.0310        9.0720 
   8     O      -35.3070        3.0150        8.4900 
   8    O1      -34.4040        8.8870        5.3410 
   8    O2      -33.6710        6.5810        4.5320 
   8    O3      -36.0250        6.9240        5.4610 
  15     P      -34.4780        7.3870        5.5260 
   6   C10      -39.6870        4.3800        9.9950 
   8    O4      -33.2080        2.4240        7.9510 
   8    O5      -36.5440        7.6560        8.2360 
   6   C11      -36.2780        8.5950        9.3000 
   1     H      -37.6130        2.8070        9.4200 
   1    H1      -32.7260        4.7590        7.3040 
   1    H2      -32.9400        6.8890        7.2530 
   1    H3      -34.2700        7.6740        7.8470 
   1    H4      -38.7240        6.7430        9.2340 
   1    H5      -36.6310        7.6360        5.8310 
   1    H6      -40.2280        5.2160       10.0840 
   1    H7      -40.1630        3.7310        9.4010 
   1    H8      -39.5580        3.9630       10.8950 
   1    H9      -36.3430        8.1190       10.1770 
   1   H10      -35.3610        8.9770        9.1910 
   1   H11      -36.9470        9.3380        9.2680 

