Run semi-empirical minimization
 &qmmm
    qm_theory='AM1', grms_tol=0.0005,
 scfconv=1.d-10, ndiis_attempts=700,   qmcharge=-1,
 /
   6   C02      -34.2200        3.3930        8.0830 
   6   C03      -33.8740        4.7400        8.1020 
   6   C04      -34.8840        5.6930        8.1270 
   6   C05      -34.6460        7.0580        7.4830 
   6   C10      -36.1920        5.2930        8.4630 
   6   C11      -37.2040        6.2250        8.7680 
   6   C13      -38.4800        5.7820        9.0940 
   6   C14      -38.7590        4.4190        9.1210 
   6   C16      -37.7630        3.5000        8.8210 
   6   C17      -36.4690        3.9470        8.4900 
   9   F12      -36.9360        7.5620        8.7430 
   9   F15      -40.0130        3.9860        9.4410 
   8   O01      -33.3760        2.5690        7.9630 
   8   O07      -34.6360        8.3470        5.0430 
   8   O08      -33.4700        6.1760        5.1470 
   8   O09      -35.9340        6.2550        5.1790 
   8   O18      -35.5080        3.0200        8.2000 
  15   P06      -34.6730        6.9540        5.6250 
   1  H052      -35.3600        7.6900        7.7850 
   1  H053      -33.7560        7.4070        7.7770 
   1   H03      -32.9130        5.0180        8.0980 
   1   H13      -39.1990        6.4430        9.3090 
   1   H16      -37.9640        2.5210        8.8400 
   1    H1      -36.7450        6.8200        5.3660 

