Run semi-empirical minimization
 &qmmm
    qm_theory='AM1', grms_tol=0.0005,
 scfconv=1.d-10, ndiis_attempts=700,   qmcharge=-1,
 /
   6     C      -38.7070        5.2770        8.9490 
   6    C1      -37.6730        4.3810        8.9970 
   6    C2      -36.4080        4.7120        8.5370 
   6    C3      -34.1890        4.1370        8.2210 
   6    C4      -33.8830        5.4250        7.6680 
   6    C5      -34.8600        6.3410        7.5340 
   6    C6      -34.5400        7.7080        6.9650 
   6    C7      -36.1940        5.9830        8.0120 
   6    C8      -37.2520        6.8880        7.9690 
   6    C9      -38.4940        6.5470        8.4260 
   8     O      -35.4290        3.7710        8.6280 
   8    O1      -33.9260        6.4370        4.6140 
   8    O2      -35.8940        8.0590        4.5820 
   8    O3      -33.5090        8.9460        4.7760 
  15     P      -34.5190        7.7320        5.1210 
   6   C10      -40.0610        4.8370        9.4780 
   8    O4      -33.2420        3.3610        8.3030 
   6   C11      -39.5890        7.5970        8.3420 
   1     H      -37.8340        3.4680        9.3710 
   1    H1      -32.9490        5.6410        7.3840 
   1    H2      -33.6420        7.9920        7.3000 
   1    H3      -35.2620        8.3320        7.2630 
   1    H4      -37.1010        7.8040        7.5970 
   1    H5      -33.5090        9.6360        5.5090 
   1    H6      -40.7110        5.5900        9.3790 
   1    H7      -40.3840        4.0430        8.9620 
   1    H8      -39.9800        4.5860       10.4430 
   1    H9      -39.2110        8.4300        7.9400 
   1   H10      -40.3390        7.2590        7.7730 
   1   H11      -39.9390        7.7930        9.2580 

