Resp charges for organic molecule
 
 &cntrl
 
 nmol = 1,
 ihfree = 1,
 ioutopt = 1,
 iqopt = 2,
 qwt = 0.00100,
 
 &end
    1.0
Resp charges for organic molecule
    2  182
    1    0
    6    0
    6  -99
    8  -99
    1    1
    1    1
    7  -99
    6  -99
    6  -99
    8  -99
    6    0
    6  -99
    7  -99
    6  -99
    6  -99
    7  -99
    1    0
    1   17
    1  -99
    1  -99
    1  -99
    1  -99
    1  -99
    7  -99
    6    0
    6  -99
    8  -99
    1    0
    1  -99
    1   28
    7  -99
    6  -99
    6  -99
    8  -99
    6    0
    6  -99
    7  -99
    6  -99
    6  -99
    7  -99
    1    0
    1   41
    1  -99
    1  -99
    1  -99
    1  -99
    1  -99
    7  -99
    6    0
    6  -99
    8  -99
    1    0
    1  -99
    1   52
    7  -99
    6  -99
    6  -99
    8  -99
    6    0
    6  -99
    8  -99
    8  -99
    1    0
    1   63
    1  -99
    1  -99
    7  -99
    6    0
    1    0
    1   69
    1  -99
    1   69
    1    0
    6    0
    6  -99
    8  -99
    1   73
    1   73
    7  -99
    6  -99
    6  -99
    8  -99
    6    0
    6  -99
    7  -99
    6  -99
    6  -99
    7  -99
    1    0
    1   89
    1  -99
    1  -99
    1  -99
    1  -99
    1  -99
    7  -99
    6    0
    1    0
    1   98
    1  -99
    1   98
    1    0
    6    0
    6  -99
    8  -99
    1  102
    1  102
    7  -99
    6  -99
    6  -99
    8  -99
    6    0
   16  -99
    1    0
    1  114
    1  -99
    1  -99
    7  -99
    6    0
    1    0
    1  120
    1  -99
    1  120
    1    0
    6    0
    6  -99
    8  -99
    1  124
    1  124
    7  -99
    6  -99
    6  -99
    8  -99
    6    0
    6  -99
    7  -99
    6  -99
    6  -99
    7  -99
    1    0
    1  140
    1  -99
    1  -99
    1  -99
    1  -99
    1  -99
    7  -99
    6    0
    1    0
    1  149
    1  149
    1  -99
   30  -99
   30  -99
    6  -99
    6  -99
    6  -99
    6  -99
    6  -99
    6  -99
    6  -99
    6    0
    6  -99
    6  -99
    7  -99
    8  -99
    8  -99
    8  -99
    8  -99
   15  -99
   35  -99
   35  -99
    1    0
    1  173
    1  -99
    1  -99
    1  -99
    1  -99
    1  -99
    8  -99
    1  -99
    1  -99
    6   0.00000
    1    1    1    2    1    3    1    4    1    5    1    6 
    7   0.00000
    1   24    1   25    1   26    1   27    1   28    1   29    1   30 
    7   0.00000
    1   48    1   49    1   50    1   51    1   52    1   53    1   54 
    6   0.00000
    1   67    1   68    1   69    1   70    1   71    1   72 
    6   0.00000
    1   73    1   74    1   75    1   76    1   77    1   78 
    6   0.00000
    1   96    1   97    1   98    1   99    1  100    1  101 
    6   0.00000
    1  102    1  103    1  104    1  105    1  106    1  107 
    6   0.00000
    1  118    1  119    1  120    1  121    1  122    1  123 
    6   0.00000
    1  124    1  125    1  126    1  127    1  128    1  129 
    6   0.00000
    1  147    1  148    1  149    1  150    1  151    1  152 
    1  -0.41570
    1    7
    1   0.01880
    1    8
    1   0.59730
    1    9
    1  -0.56790
    1   10
    1  -0.41570
    1   31
    1  -0.05810
    1   32
    1   0.59730
    1   33
    1  -0.56790
    1   34
    1  -0.51630
    1   55
    1   0.03810
    1   56
    1   0.53660
    1   57
    1  -0.58190
    1   58
    1  -0.41570
    1   79
    1   0.01880
    1   80
    1   0.59730
    1   81
    1  -0.56790
    1   82
    1  -0.41570
    1  108
    1   0.02130
    1  109
    1   0.59730
    1  110
    1  -0.56790
    1  111
    1  -0.41570
    1  130
    1   0.01880
    1  131
    1   0.59730
    1  132
    1  -0.56790
    1  133




