Run semi-empirical minimization
 &qmmm
    qm_theory='AM1', grms_tol=0.0005,
 scfconv=1.d-10, ndiis_attempts=700,   qmcharge=0,
 /
   6     C       -7.4320        4.8700       31.7380 
   6    C1       -6.7700        3.8160       32.3270 
   6    C2       -5.4350        3.6090       32.0570 
   6    C3       -6.7660        5.7110       30.8830 
   6    C4       -4.7640        4.4500       31.2020 
   6    C5       -5.4160        5.5210       30.5990 
   7     N       -4.6860        6.3430       29.7440 
   6    C6       -5.1060        7.4530       29.1800 
   7    N1       -4.4580        8.3020       28.3990 
   6    C7       -6.3980        8.2490       29.2590 
   6    C8       -3.2470        8.3280       27.6870 
   6    C9       -5.5360        9.2910       28.4410 
   6   C10       -2.2790        7.3600       27.8990 
   6   C11       -3.0150        9.3050       26.7330 
   6   C12       -5.2180       10.6320       29.1220 
   6   C13       -1.1010        7.3900       27.1890 
   6   C14       -1.8410        9.3400       26.0260 
   6   C15       -5.3690       10.8640       30.4760 
   6   C16       -4.7630       11.6720       28.3380 
   6   C17       -0.8700        8.3850       26.2570 
   6   C18       -5.0650       12.0880       31.0280 
   6   C19       -4.4420       12.8930       28.8840 
   8     O        0.2800        8.4240       25.5770 
   6   C20       -4.5910       13.1040       30.2340 
   6   C21        1.3710        9.1310       26.2000 
   1     H       -6.0170        9.4440       27.3510 
   1    H1       -8.4010        5.0220       31.9320 
   1    H2       -7.2570        3.2030       32.9480 
   1    H3       -4.9530        2.8440       32.4840 
   1    H4       -7.2640        6.4640       30.4620 
   1    H5       -3.7950        4.2910       31.0150 
   1    H6       -7.2630        7.7330       28.6050 
   1    H7       -6.7230        8.5560       30.3710 
   1    H8       -2.4370        6.6360       28.5700 
   1    H9       -3.7130        9.9920       26.5530 
   1   H10       -0.4060        6.6890       27.3500 
   1   H11       -1.6890       10.0570       25.3450 
   1   H12       -5.7040       10.1390       31.0740 
   1   H13       -4.6630       11.5430       27.3550 
   1   H14       -5.1850       12.2360       32.0100 
   1   H15       -4.1040       13.6280       28.2970 
   1   H16       -4.3610       13.9910       30.6330 
   1   H17        1.0700       10.2820       26.3660 
   1   H18        2.3380        9.0770       25.4920 
   1   H19        1.6310        8.6320       27.2610 

