Run semi-empirical minimization
 &qmmm
    qm_theory='AM1', grms_tol=0.0005,
 scfconv=1.d-10, ndiis_attempts=700,   qmcharge=-1,
 /
   6     C      -38.6720        5.8270        8.9010 
   6    C1      -37.7550        4.8130        8.9740 
   6    C2      -36.4630        4.9820        8.4980 
   6    C3      -34.3330        4.1330        8.1820 
   6    C4      -33.8770        5.3610        7.5960 
   6    C5      -34.7360        6.3870        7.4450 
   6    C6      -34.2600        7.6970        6.8490 
   6    C7      -36.1010        6.2050        7.9360 
   6    C8      -37.0430        7.2290        7.8710 
   6    C9      -38.3100        7.0430        8.3470 
   8     O      -35.6030        3.9330        8.6110 
   8    O1      -34.0050        6.3960        4.4440 
   8    O2      -35.7560        8.2460        4.5930 
   8    O3      -33.2740        8.8330        4.5790 
  15     P      -34.3910        7.7460        5.0090 
   6   C10      -40.0780        5.6280        9.4310 
   8    O4      -33.4910        3.2440        8.2730 
   1     H      -38.0210        3.9370        9.3760 
   1    H1      -32.9250        5.4550        7.3020 
   1    H2      -33.3050        7.8370        7.1070 
   1    H3      -34.8520        8.4190        7.2070 
   1    H4      -36.7890        8.1110        7.4730 
   1    H5      -38.9770        7.7860        8.2940 
   1    H6      -32.3810        8.6130        4.9860 
   1    H7      -40.5980        6.4720        9.2990 
   1    H8      -40.5220        4.8780        8.9400 
   1    H9      -40.0410        5.4030       10.4050 

