# Analysing data contained in file(s) ['/home/jguven/projects/metalloenzymes/kpc2/outputs/SOMD/lig_13~lig_3/unbound/lambda_0.0000/simfile.dat', '/home/jguven/projects/metalloenzymes/kpc2/outputs/SOMD/lig_13~lig_3/unbound/lambda_0.0625/simfile.dat', '/home/jguven/projects/metalloenzymes/kpc2/outputs/SOMD/lig_13~lig_3/unbound/lambda_0.1250/simfile.dat', '/home/jguven/projects/metalloenzymes/kpc2/outputs/SOMD/lig_13~lig_3/unbound/lambda_0.1875/simfile.dat', '/home/jguven/projects/metalloenzymes/kpc2/outputs/SOMD/lig_13~lig_3/unbound/lambda_0.2500/simfile.dat', '/home/jguven/projects/metalloenzymes/kpc2/outputs/SOMD/lig_13~lig_3/unbound/lambda_0.3125/simfile.dat', '/home/jguven/projects/metalloenzymes/kpc2/outputs/SOMD/lig_13~lig_3/unbound/lambda_0.3750/simfile.dat', '/home/jguven/projects/metalloenzymes/kpc2/outputs/SOMD/lig_13~lig_3/unbound/lambda_0.4375/simfile.dat', '/home/jguven/projects/metalloenzymes/kpc2/outputs/SOMD/lig_13~lig_3/unbound/lambda_0.5000/simfile.dat', '/home/jguven/projects/metalloenzymes/kpc2/outputs/SOMD/lig_13~lig_3/unbound/lambda_0.5625/simfile.dat', '/home/jguven/projects/metalloenzymes/kpc2/outputs/SOMD/lig_13~lig_3/unbound/lambda_0.6250/simfile.dat', '/home/jguven/projects/metalloenzymes/kpc2/outputs/SOMD/lig_13~lig_3/unbound/lambda_0.6875/simfile.dat', '/home/jguven/projects/metalloenzymes/kpc2/outputs/SOMD/lig_13~lig_3/unbound/lambda_0.7500/simfile.dat', '/home/jguven/projects/metalloenzymes/kpc2/outputs/SOMD/lig_13~lig_3/unbound/lambda_0.8125/simfile.dat', '/home/jguven/projects/metalloenzymes/kpc2/outputs/SOMD/lig_13~lig_3/unbound/lambda_0.8750/simfile.dat', '/home/jguven/projects/metalloenzymes/kpc2/outputs/SOMD/lig_13~lig_3/unbound/lambda_0.9375/simfile.dat', '/home/jguven/projects/metalloenzymes/kpc2/outputs/SOMD/lig_13~lig_3/unbound/lambda_1.0000/simfile.dat']
#Overlap matrix
0.6318 0.2828 0.0734 0.0110 0.0009 0.0000 0.0000 0.0000 0.0000 0.0000 0.0000 0.0000 0.0000 0.0000 0.0000 0.0000 0.0000
0.2828 0.3812 0.2440 0.0780 0.0129 0.0011 0.0001 0.0000 0.0000 0.0000 0.0000 0.0000 0.0000 0.0000 0.0000 0.0000 0.0000
0.0734 0.2440 0.3510 0.2369 0.0796 0.0139 0.0013 0.0001 0.0000 0.0000 0.0000 0.0000 0.0000 0.0000 0.0000 0.0000 0.0000
0.0110 0.0780 0.2369 0.3397 0.2361 0.0820 0.0148 0.0015 0.0001 0.0000 0.0000 0.0000 0.0000 0.0000 0.0000 0.0000 0.0000
0.0009 0.0129 0.0796 0.2361 0.3352 0.2344 0.0835 0.0158 0.0016 0.0001 0.0000 0.0000 0.0000 0.0000 0.0000 0.0000 0.0000
0.0000 0.0011 0.0139 0.0820 0.2344 0.3307 0.2344 0.0858 0.0161 0.0015 0.0001 0.0000 0.0000 0.0000 0.0000 0.0000 0.0000
0.0000 0.0001 0.0013 0.0148 0.0835 0.2344 0.3310 0.2363 0.0832 0.0142 0.0012 0.0000 0.0000 0.0000 0.0000 0.0000 0.0000
0.0000 0.0000 0.0001 0.0015 0.0158 0.0858 0.2363 0.3359 0.2353 0.0770 0.0116 0.0008 0.0000 0.0000 0.0000 0.0000 0.0000
0.0000 0.0000 0.0000 0.0001 0.0016 0.0161 0.0832 0.2353 0.3485 0.2379 0.0688 0.0082 0.0005 0.0000 0.0000 0.0000 0.0000
0.0000 0.0000 0.0000 0.0000 0.0001 0.0015 0.0142 0.0770 0.2379 0.3688 0.2384 0.0568 0.0051 0.0002 0.0000 0.0000 0.0000
0.0000 0.0000 0.0000 0.0000 0.0000 0.0001 0.0012 0.0116 0.0688 0.2384 0.3978 0.2370 0.0428 0.0024 0.0000 0.0000 0.0000
0.0000 0.0000 0.0000 0.0000 0.0000 0.0000 0.0000 0.0008 0.0082 0.0568 0.2370 0.4358 0.2335 0.0272 0.0006 0.0000 0.0000
0.0000 0.0000 0.0000 0.0000 0.0000 0.0000 0.0000 0.0000 0.0005 0.0051 0.0428 0.2335 0.4901 0.2141 0.0138 0.0002 0.0000
0.0000 0.0000 0.0000 0.0000 0.0000 0.0000 0.0000 0.0000 0.0000 0.0002 0.0024 0.0272 0.2141 0.5543 0.1946 0.0072 0.0000
0.0000 0.0000 0.0000 0.0000 0.0000 0.0000 0.0000 0.0000 0.0000 0.0000 0.0000 0.0006 0.0138 0.1946 0.6223 0.1664 0.0023
0.0000 0.0000 0.0000 0.0000 0.0000 0.0000 0.0000 0.0000 0.0000 0.0000 0.0000 0.0000 0.0002 0.0072 0.1664 0.6882 0.1380
0.0000 0.0000 0.0000 0.0000 0.0000 0.0000 0.0000 0.0000 0.0000 0.0000 0.0000 0.0000 0.0000 0.0000 0.0023 0.1380 0.8597
#DG from neighbouring lambda in kcal/mol
0.0000 0.0625 -3.8853 0.0172
0.0625 0.1250 -4.9175 0.0150
0.1250 0.1875 -6.0098 0.0145
0.1875 0.2500 -7.1485 0.0141
0.2500 0.3125 -8.3081 0.0139
0.3125 0.3750 -9.4722 0.0136
0.3750 0.4375 -10.6128 0.0136
0.4375 0.5000 -11.7293 0.0142
0.5000 0.5625 -12.8050 0.0151
0.5625 0.6250 -13.7969 0.0166
0.6250 0.6875 -14.6660 0.0187
0.6875 0.7500 -15.3909 0.0214
0.7500 0.8125 -16.0067 0.0259
0.8125 0.8750 -16.5550 0.0303
0.8750 0.9375 -16.9560 0.0358
0.9375 1.0000 -17.3959 0.0422
#PMF from MBAR in kcal/mol
0.0000 0.0000 0.0000
0.0625 -3.8853 0.0172
0.1250 -8.8028 0.0283
0.1875 -14.8126 0.0362
0.2500 -21.9611 0.0425
0.3125 -30.2692 0.0479
0.3750 -39.7414 0.0525
0.4375 -50.3542 0.0568
0.5000 -62.0835 0.0609
0.5625 -74.8885 0.0651
0.6250 -88.6854 0.0695
0.6875 -103.3514 0.0743
0.7500 -118.7423 0.0798
0.8125 -134.7490 0.0865
0.8750 -151.3040 0.0944
0.9375 -168.2600 0.1037
1.0000 -185.6559 0.1148
#TI average gradients and standard deviation in kcal/mol
0.0000 -60.3821 13.6724
0.0625 -69.2146 12.4914
0.1250 -86.8989 11.8155
0.1875 -105.1823 11.8110
0.2500 -123.6676 11.4701
0.3125 -142.1753 11.8402
0.3750 -160.2412 11.8519
0.4375 -179.0906 11.5733
0.5000 -195.8889 11.8905
0.5625 -213.0739 12.5755
0.6250 -227.3473 13.9302
0.6875 -240.6149 15.5131
0.7500 -251.1290 16.9333
0.8125 -261.0481 19.8798
0.8750 -269.2647 21.4365
0.9375 -274.4828 24.3132
1.0000 -280.5402 25.3877
#PMF from TI in kcal/mol
0.0000 0.0000
0.0625 -4.0499
0.1250 -8.9284
0.1875 -14.9310
0.2500 -22.0825
0.3125 -30.3901
0.3750 -39.8407
0.4375 -50.4448
0.5000 -62.1629
0.5625 -74.9430
0.6250 -88.7061
0.6875 -103.3299
0.7500 -118.6969
0.8125 -134.7025
0.8750 -151.2747
0.9375 -168.2668
1.0000 -185.6113
#MBAR free energy difference in kcal/mol: 
-185.655917, 0.114786 
#TI free energy difference in kcal/mol: 
-185.611318  
