Run semi-empirical minimization
 &qmmm
    qm_theory='AM1', grms_tol=0.0005,
 scfconv=1.d-10, ndiis_attempts=700,   qmcharge=-1,
 /
   6     C      -35.3360        2.9640        8.6790 
   6    C1      -36.5070        3.6600        8.8020 
   6    C2      -36.5900        4.9910        8.4230 
   6    C3      -37.8640        6.9010        8.1290 
   6    C4      -36.7470        7.6240        7.5910 
   6    C5      -35.5450        7.0240        7.5040 
   6    C6      -34.3710        7.7820        6.9190 
   6    C7      -35.4550        5.6230        7.9160 
   6    C8      -34.2700        4.8990        7.7950 
   6    C9      -34.2070        3.5870        8.1720 
   8     O      -37.7890        5.6190        8.5620 
   8    O1      -35.7790        8.1660        4.5960 
   8    O2      -33.2980        8.7610        4.5920 
   8    O3      -34.0270        6.3160        4.6270 
  15     P      -34.3850        7.8260        5.0750 
   8    O4      -38.9180        7.5270        8.1840 
   6   C10      -32.9060        2.8260        8.0230 
   1     H      -35.2940        2.0040        8.9560 
   1    H1      -37.3160        3.2010        9.1700 
   1    H2      -36.8610        8.5680        7.2830 
   1    H3      -33.5250        7.3450        7.2230 
   1    H4      -34.4380        8.7270        7.2390 
   1    H5      -33.4540        5.3460        7.4270 
   1    H6      -34.5900        5.6480        5.1260 
   1    H7      -32.2130        3.4360        7.6390 
   1    H8      -32.6040        2.4950        8.9180 
   1    H9      -33.0410        2.0430        7.4160 

