Run semi-empirical minimization
 &qmmm
    qm_theory='AM1', grms_tol=0.0005,
 scfconv=1.d-10, ndiis_attempts=700,   qmcharge=-1,
 /
   6     C      -35.2290        2.9050        8.7130 
   6    C1      -36.4100        3.5900        8.8020 
   6    C2      -36.4990        4.9130        8.3960 
   6    C3      -37.7810        6.8100        8.0540 
   6    C4      -36.6600        7.5340        7.5280 
   6    C5      -35.4550        6.9380        7.4640 
   6    C6      -34.2680        7.6950        6.9060 
   6    C7      -35.3620        5.5440        7.8950 
   6    C8      -34.1680        4.8310        7.8050 
   6    C9      -34.0990        3.5280        8.2100 
   8     O      -37.7060        5.5330        8.5020 
   8    O1      -35.7320        8.1090        4.6250 
   8    O2      -33.2860        8.8370        4.5900 
   8    O3      -33.8810        6.3550        4.5750 
  15     P      -34.3120        7.8330        5.0680 
   8    O4      -38.8380        7.4320        8.0820 
   6   C10      -32.7870        2.7790        8.0990 
   1     H      -35.1820        1.9510        9.0110 
   1    H1      -37.2200        3.1300        9.1660 
   1    H2      -36.7730        8.4750        7.2110 
   1    H3      -33.4300        7.2210        7.1730 
   1    H4      -34.3000        8.6230        7.2780 
   1    H5      -33.3520        5.2790        7.4400 
   1    H6      -34.6000        5.6830        4.7770 
   1    H7      -32.0950        3.3890        7.7130 
   1    H8      -32.4960        2.4690        9.0040 
   1    H9      -32.9030        1.9820        7.5050 

