Run semi-empirical minimization
 &qmmm
    qm_theory='AM1', grms_tol=0.0005,
 scfconv=1.d-10, ndiis_attempts=700,   qmcharge=-1,
 /
   6     C      -38.2480        4.5930        9.5270 
   6    C1      -37.3320        3.6330        9.2120 
   6    C2      -36.1210        3.9630        8.6240 
   6    C3      -34.0560        3.2210        7.8920 
   6    C4      -33.6600        4.5470        7.5290 
   6    C5      -34.5170        5.5740        7.6950 
   6    C6      -33.9510        6.8960        7.2120 
   6    C7      -35.8190        5.2990        8.3280 
   6    C8      -36.7700        6.2760        8.6760 
   6    C9      -37.9540        5.9150        9.2610 
   8     O      -35.2800        2.9230        8.3770 
   8    O1      -33.6540        6.5860        4.4780 
   8    O2      -34.5380        8.8140        5.3430 
   8    O3      -36.0120        6.7320        5.4460 
  15     P      -34.5030        7.3090        5.5000 
   6   C10      -39.5650        4.2170       10.1780 
   8    O4      -33.2130        2.3470        7.7160 
   6   C11      -36.6280        7.7810        8.5010 
   1     H      -37.5370        2.6740        9.4080 
   1    H1      -32.7480        4.7110        7.1530 
   1    H2      -32.9520        6.8450        7.2270 
   1    H3      -34.2860        7.6140        7.8220 
   1    H4      -38.6180        6.6230        9.5000 
   1    H5      -36.6640        7.3870        5.8420 
   1    H6      -40.0950        5.0490       10.3440 
   1    H7      -40.0780        3.6060        9.5750 
   1    H8      -39.3910        3.7490       11.0450 
   1    H9      -37.4490        8.2290        8.8560 
   1   H10      -35.8240        8.1050        9.0000 
   1   H11      -36.5180        7.9980        7.5310 

