Run semi-empirical minimization
 &qmmm
    qm_theory='AM1', grms_tol=0.0005,
 scfconv=1.d-10, ndiis_attempts=700,   qmcharge=-1,
 /
   6     C      -38.3630        4.7870        9.4860 
   6    C1      -37.4400        3.8190        9.2300 
   6    C2      -36.2230        4.1430        8.6450 
   6    C3      -34.0790        3.3220        7.9150 
   6    C4      -33.7280        4.6570        7.5240 
   6    C5      -34.5980        5.6890        7.6670 
   6    C6      -34.0260        7.0020        7.1670 
   6    C7      -35.9160        5.4600        8.2920 
   6    C8      -36.8800        6.4460        8.5800 
   6    C9      -38.0690        6.1010        9.1630 
   7     N      -35.3020        3.1340        8.4260 
   8     O      -33.5100        6.2100        4.5910 
   8    O1      -34.0390        8.6820        4.9690 
   8    O2      -35.8810        6.9340        5.1880 
  15     P      -34.3040        7.2440        5.3590 
   6   C10      -39.6880        4.4350       10.1330 
   8    O3      -33.2550        2.4230        7.7580 
   6   C11      -36.7460        7.9420        8.3360 
   1     H      -37.6400        2.8680        9.4650 
   1    H1      -32.8220        4.8310        7.1380 
   1    H2      -33.0430        7.0160        7.3490 
   1    H3      -34.4950        7.7420        7.6490 
   1    H4      -38.7420        6.8140        9.3590 
   1    H5      -35.5270        2.3110        8.6450 
   1    H6      -36.1860        7.1200        4.2470 
   1    H7      -40.2240        5.2710       10.2520 
   1    H8      -40.1880        3.7940        9.5510 
   1    H9      -39.5250        4.0080       11.0220 
   1   H10      -37.5750        8.4000        8.6560 
   1   H11      -35.9530        8.2960        8.8320 
   1   H12      -36.6210        8.1130        7.3590 

