# Analysing data contained in file(s) ['/home/jguven/projects/metalloenzymes/kpc2/outputs/SOMD/lig_16~lig_10/bound/lambda_0.0000/simfile.dat', '/home/jguven/projects/metalloenzymes/kpc2/outputs/SOMD/lig_16~lig_10/bound/lambda_0.0625/simfile.dat', '/home/jguven/projects/metalloenzymes/kpc2/outputs/SOMD/lig_16~lig_10/bound/lambda_0.1250/simfile.dat', '/home/jguven/projects/metalloenzymes/kpc2/outputs/SOMD/lig_16~lig_10/bound/lambda_0.1875/simfile.dat', '/home/jguven/projects/metalloenzymes/kpc2/outputs/SOMD/lig_16~lig_10/bound/lambda_0.2500/simfile.dat', '/home/jguven/projects/metalloenzymes/kpc2/outputs/SOMD/lig_16~lig_10/bound/lambda_0.3125/simfile.dat', '/home/jguven/projects/metalloenzymes/kpc2/outputs/SOMD/lig_16~lig_10/bound/lambda_0.3750/simfile.dat', '/home/jguven/projects/metalloenzymes/kpc2/outputs/SOMD/lig_16~lig_10/bound/lambda_0.4375/simfile.dat', '/home/jguven/projects/metalloenzymes/kpc2/outputs/SOMD/lig_16~lig_10/bound/lambda_0.5000/simfile.dat', '/home/jguven/projects/metalloenzymes/kpc2/outputs/SOMD/lig_16~lig_10/bound/lambda_0.5625/simfile.dat', '/home/jguven/projects/metalloenzymes/kpc2/outputs/SOMD/lig_16~lig_10/bound/lambda_0.6250/simfile.dat', '/home/jguven/projects/metalloenzymes/kpc2/outputs/SOMD/lig_16~lig_10/bound/lambda_0.6875/simfile.dat', '/home/jguven/projects/metalloenzymes/kpc2/outputs/SOMD/lig_16~lig_10/bound/lambda_0.7500/simfile.dat', '/home/jguven/projects/metalloenzymes/kpc2/outputs/SOMD/lig_16~lig_10/bound/lambda_0.8125/simfile.dat', '/home/jguven/projects/metalloenzymes/kpc2/outputs/SOMD/lig_16~lig_10/bound/lambda_0.8750/simfile.dat', '/home/jguven/projects/metalloenzymes/kpc2/outputs/SOMD/lig_16~lig_10/bound/lambda_0.9375/simfile.dat', '/home/jguven/projects/metalloenzymes/kpc2/outputs/SOMD/lig_16~lig_10/bound/lambda_1.0000/simfile.dat']
#Overlap matrix
0.9975 0.0025 0.0000 0.0000 0.0000 0.0000 0.0000 0.0000 0.0000 0.0000 0.0000 0.0000 0.0000 0.0000 0.0000 0.0000 0.0000
0.0025 0.9957 0.0017 0.0000 0.0000 0.0000 0.0000 0.0000 0.0000 0.0000 0.0000 0.0000 0.0000 0.0000 0.0000 0.0000 0.0000
0.0000 0.0017 0.9933 0.0050 0.0000 0.0000 0.0000 0.0000 0.0000 0.0000 0.0000 0.0000 0.0000 0.0000 0.0000 0.0000 0.0000
0.0000 0.0000 0.0050 0.9946 0.0004 0.0000 0.0000 0.0000 0.0000 0.0000 0.0000 0.0000 0.0000 0.0000 0.0000 0.0000 0.0000
0.0000 0.0000 0.0000 0.0004 0.9996 0.0000 0.0000 0.0000 0.0000 0.0000 0.0000 0.0000 0.0000 0.0000 0.0000 0.0000 0.0000
0.0000 0.0000 0.0000 0.0000 0.0000 0.9993 0.0007 0.0000 0.0000 0.0000 0.0000 0.0000 0.0000 0.0000 0.0000 0.0000 0.0000
0.0000 0.0000 0.0000 0.0000 0.0000 0.0007 0.9235 0.0758 0.0000 0.0000 0.0000 0.0000 0.0000 0.0000 0.0000 0.0000 0.0000
0.0000 0.0000 0.0000 0.0000 0.0000 0.0000 0.0758 0.9194 0.0027 0.0020 0.0001 0.0000 0.0000 0.0000 0.0000 0.0000 0.0000
0.0000 0.0000 0.0000 0.0000 0.0000 0.0000 0.0000 0.0027 0.9894 0.0079 0.0000 0.0000 0.0000 0.0000 0.0000 0.0000 0.0000
0.0000 0.0000 0.0000 0.0000 0.0000 0.0000 0.0000 0.0020 0.0079 0.9719 0.0181 0.0000 0.0000 0.0000 0.0000 0.0000 0.0000
0.0000 0.0000 0.0000 0.0000 0.0000 0.0000 0.0000 0.0001 0.0000 0.0181 0.9804 0.0013 0.0000 0.0000 0.0000 0.0000 0.0000
0.0000 0.0000 0.0000 0.0000 0.0000 0.0000 0.0000 0.0000 0.0000 0.0000 0.0013 0.9987 0.0000 0.0000 0.0000 0.0000 0.0000
0.0000 0.0000 0.0000 0.0000 0.0000 0.0000 0.0000 0.0000 0.0000 0.0000 0.0000 0.0000 0.9998 0.0002 0.0000 0.0000 0.0000
0.0000 0.0000 0.0000 0.0000 0.0000 0.0000 0.0000 0.0000 0.0000 0.0000 0.0000 0.0000 0.0002 0.9989 0.0009 0.0000 0.0000
0.0000 0.0000 0.0000 0.0000 0.0000 0.0000 0.0000 0.0000 0.0000 0.0000 0.0000 0.0000 0.0000 0.0009 0.9964 0.0028 0.0000
0.0000 0.0000 0.0000 0.0000 0.0000 0.0000 0.0000 0.0000 0.0000 0.0000 0.0000 0.0000 0.0000 0.0000 0.0028 0.9918 0.0054
0.0000 0.0000 0.0000 0.0000 0.0000 0.0000 0.0000 0.0000 0.0000 0.0000 0.0000 0.0000 0.0000 0.0000 0.0000 0.0054 0.9946
#DG from neighbouring lambda in kcal/mol
0.0000 0.0625 -22.1251 0.4275
0.0625 0.1250 -23.3427 0.5193
0.1250 0.1875 -20.5703 0.3053
0.1875 0.2500 -20.8515 1.0539
0.2500 0.3125 -27.8801 312.7746
0.3125 0.3750 -25.9652 0.8232
0.3750 0.4375 -9.6525 0.0724
0.4375 0.5000 -5.4465 0.3270
0.5000 0.5625 9.0906 0.2244
0.5625 0.6250 18.6200 0.1572
0.6250 0.6875 33.3890 0.5914
0.6875 0.7500 34.7370 367.8004
0.7500 0.8125 28.6236 1.4686
0.8125 0.8750 26.5087 0.7266
0.8750 0.9375 27.6007 0.4108
0.9375 1.0000 27.4876 0.2918
#PMF from MBAR in kcal/mol
0.0000 0.0000 0.0000
0.0625 -22.1251 0.4275
0.1250 -45.4677 0.6733
0.1875 -66.0380 0.7399
0.2500 -86.8896 1.2881
0.3125 -114.7697 312.7772
0.3750 -140.7349 312.7783
0.4375 -150.3873 312.7783
0.5000 -155.8338 312.7785
0.5625 -146.7432 312.7785
0.6250 -128.1232 312.7785
0.6875 -94.7343 312.7791
0.7500 -59.9972 482.8240
0.8125 -31.3736 482.8262
0.8750 -4.8650 482.8268
0.9375 22.7357 482.8270
1.0000 50.2234 482.8271
#TI average gradients and standard deviation in kcal/mol
0.0000 -340.1325 79.3678
0.0625 -351.3535 46.0011
0.1250 -371.9999 71.8851
0.1875 -299.9908 51.7946
0.2500 -375.1493 76.4802
0.3125 -546.6137 69.3425
0.3750 -312.1781 35.9863
0.4375 -92.9474 26.2716
0.5000 47.6127 64.8934
0.5625 215.2830 50.1019
0.6250 421.1281 55.3133
0.6875 653.5851 131.5503
0.7500 491.5888 51.9577
0.8125 429.3435 74.6563
0.8750 425.1573 46.4571
0.9375 423.4360 57.7598
1.0000 443.7975 55.1656
#PMF from TI in kcal/mol
0.0000 0.0000
0.0625 -21.6089
0.1250 -44.2137
0.1875 -65.2134
0.2500 -86.3116
0.3125 -115.1167
0.3750 -141.9539
0.4375 -154.6141
0.5000 -156.0308
0.5625 -147.8153
0.6250 -127.9274
0.6875 -94.3427
0.7500 -58.5560
0.8125 -29.7768
0.8750 -3.0737
0.9375 23.4449
1.0000 50.5459
#MBAR free energy difference in kcal/mol: 
50.223356, 482.827058 
#TI free energy difference in kcal/mol: 
50.545900  #WARNING SUBSAMPLING GRADIENTS RESULTED IN LESS THAN 50 SAMPLES, CONSIDER RERUN WITHOUT SUBSAMPLE OPTION 
