Run semi-empirical minimization
 &qmmm
    qm_theory='AM1', grms_tol=0.0005,
 scfconv=1.d-10, ndiis_attempts=700,   qmcharge=-1,
 /
   6     C      -38.7120        5.7490        8.9010 
   6    C1      -37.7480        4.7650        8.9830 
   6    C2      -36.4590        4.9740        8.5250 
   6    C3      -34.2960        4.1980        8.2350 
   6    C4      -33.8790        5.4330        7.6420 
   6    C5      -34.7720        6.4280        7.4760 
   6    C6      -34.3360        7.7400        6.8580 
   6    C7      -36.1300        6.2070        7.9610 
   6    C8      -37.1040        7.2020        7.8860 
   6    C9      -38.3670        6.9770        8.3460 
   8     O      -35.5640        3.9560        8.6500 
   8    O1      -33.8810        6.3970        4.5090 
   8    O2      -35.7940        8.0830        4.5370 
   8    O3      -33.3760        8.8950        4.5940 
  15     P      -34.4060        7.7220        5.0150 
   8    O4      -39.9640        5.5750        9.3330 
   8    O5      -33.4200        3.3460        8.3440 
   6   C10      -40.1830        4.8900       10.5830 
   1     H      -37.9870        3.8800        9.3830 
   1    H1      -32.9300        5.5570        7.3530 
   1    H2      -33.3970        7.9320        7.1420 
   1    H3      -34.9700        8.4460        7.1740 
   1    H4      -36.8730        8.0910        7.4920 
   1    H5      -39.0530        7.7020        8.2830 
   1    H6      -32.4330        8.5470        4.5450 
   1    H7      -39.2990        4.6270       10.9690 
   1    H8      -40.6620        5.4940       11.2200 
   1    H9      -40.7390        4.0740       10.4270 

