# Analysing data contained in file(s) ['/home/jguven/projects/metalloenzymes/kpc2/outputs/SOMD/lig_4~lig_16/bound/lambda_0.0000/simfile.dat', '/home/jguven/projects/metalloenzymes/kpc2/outputs/SOMD/lig_4~lig_16/bound/lambda_0.0625/simfile.dat', '/home/jguven/projects/metalloenzymes/kpc2/outputs/SOMD/lig_4~lig_16/bound/lambda_0.1250/simfile.dat', '/home/jguven/projects/metalloenzymes/kpc2/outputs/SOMD/lig_4~lig_16/bound/lambda_0.1875/simfile.dat', '/home/jguven/projects/metalloenzymes/kpc2/outputs/SOMD/lig_4~lig_16/bound/lambda_0.2500/simfile.dat', '/home/jguven/projects/metalloenzymes/kpc2/outputs/SOMD/lig_4~lig_16/bound/lambda_0.3125/simfile.dat', '/home/jguven/projects/metalloenzymes/kpc2/outputs/SOMD/lig_4~lig_16/bound/lambda_0.3750/simfile.dat', '/home/jguven/projects/metalloenzymes/kpc2/outputs/SOMD/lig_4~lig_16/bound/lambda_0.4375/simfile.dat', '/home/jguven/projects/metalloenzymes/kpc2/outputs/SOMD/lig_4~lig_16/bound/lambda_0.5000/simfile.dat', '/home/jguven/projects/metalloenzymes/kpc2/outputs/SOMD/lig_4~lig_16/bound/lambda_0.5625/simfile.dat', '/home/jguven/projects/metalloenzymes/kpc2/outputs/SOMD/lig_4~lig_16/bound/lambda_0.6250/simfile.dat', '/home/jguven/projects/metalloenzymes/kpc2/outputs/SOMD/lig_4~lig_16/bound/lambda_0.6875/simfile.dat', '/home/jguven/projects/metalloenzymes/kpc2/outputs/SOMD/lig_4~lig_16/bound/lambda_0.7500/simfile.dat', '/home/jguven/projects/metalloenzymes/kpc2/outputs/SOMD/lig_4~lig_16/bound/lambda_0.8125/simfile.dat', '/home/jguven/projects/metalloenzymes/kpc2/outputs/SOMD/lig_4~lig_16/bound/lambda_0.8750/simfile.dat', '/home/jguven/projects/metalloenzymes/kpc2/outputs/SOMD/lig_4~lig_16/bound/lambda_0.9375/simfile.dat', '/home/jguven/projects/metalloenzymes/kpc2/outputs/SOMD/lig_4~lig_16/bound/lambda_1.0000/simfile.dat']
#Overlap matrix
0.7237 0.2519 0.0240 0.0004 0.0000 0.0000 0.0000 0.0000 0.0000 0.0000 0.0000 0.0000 0.0000 0.0000 0.0000 0.0000 0.0000
0.2519 0.5026 0.2279 0.0174 0.0002 0.0000 0.0000 0.0000 0.0000 0.0000 0.0000 0.0000 0.0000 0.0000 0.0000 0.0000 0.0000
0.0240 0.2279 0.5222 0.2104 0.0152 0.0002 0.0000 0.0000 0.0000 0.0000 0.0000 0.0000 0.0000 0.0000 0.0000 0.0000 0.0000
0.0004 0.0174 0.2104 0.5256 0.2279 0.0180 0.0002 0.0000 0.0000 0.0000 0.0000 0.0000 0.0000 0.0000 0.0000 0.0000 0.0000
0.0000 0.0002 0.0152 0.2279 0.5204 0.2205 0.0157 0.0001 0.0000 0.0000 0.0000 0.0000 0.0000 0.0000 0.0000 0.0000 0.0000
0.0000 0.0000 0.0002 0.0180 0.2205 0.5315 0.2180 0.0117 0.0001 0.0000 0.0000 0.0000 0.0000 0.0000 0.0000 0.0000 0.0000
0.0000 0.0000 0.0000 0.0002 0.0157 0.2180 0.5478 0.2062 0.0120 0.0001 0.0000 0.0000 0.0000 0.0000 0.0000 0.0000 0.0000
0.0000 0.0000 0.0000 0.0000 0.0001 0.0117 0.2062 0.5565 0.2137 0.0118 0.0001 0.0000 0.0000 0.0000 0.0000 0.0000 0.0000
0.0000 0.0000 0.0000 0.0000 0.0000 0.0001 0.0120 0.2137 0.5570 0.2082 0.0089 0.0001 0.0000 0.0000 0.0000 0.0000 0.0000
0.0000 0.0000 0.0000 0.0000 0.0000 0.0000 0.0001 0.0118 0.2082 0.5698 0.2002 0.0098 0.0001 0.0000 0.0000 0.0000 0.0000
0.0000 0.0000 0.0000 0.0000 0.0000 0.0000 0.0000 0.0001 0.0089 0.2002 0.5694 0.2130 0.0084 0.0000 0.0000 0.0000 0.0000
0.0000 0.0000 0.0000 0.0000 0.0000 0.0000 0.0000 0.0000 0.0001 0.0098 0.2130 0.5865 0.1856 0.0051 0.0000 0.0000 0.0000
0.0000 0.0000 0.0000 0.0000 0.0000 0.0000 0.0000 0.0000 0.0000 0.0001 0.0084 0.1856 0.6087 0.1927 0.0045 0.0000 0.0000
0.0000 0.0000 0.0000 0.0000 0.0000 0.0000 0.0000 0.0000 0.0000 0.0000 0.0000 0.0051 0.1927 0.6393 0.1610 0.0019 0.0000
0.0000 0.0000 0.0000 0.0000 0.0000 0.0000 0.0000 0.0000 0.0000 0.0000 0.0000 0.0000 0.0045 0.1610 0.6777 0.1558 0.0011
0.0000 0.0000 0.0000 0.0000 0.0000 0.0000 0.0000 0.0000 0.0000 0.0000 0.0000 0.0000 0.0000 0.0019 0.1558 0.7214 0.1210
0.0000 0.0000 0.0000 0.0000 0.0000 0.0000 0.0000 0.0000 0.0000 0.0000 0.0000 0.0000 0.0000 0.0000 0.0011 0.1210 0.8780
#DG from neighbouring lambda in kcal/mol
0.0000 0.0625 2.2148 0.0268
0.0625 0.1250 2.2405 0.0276
0.1250 0.1875 2.0577 0.0305
0.1875 0.2500 1.8366 0.0284
0.2500 0.3125 1.7939 0.0292
0.3125 0.3750 1.7290 0.0302
0.3750 0.4375 1.5255 0.0321
0.4375 0.5000 1.3972 0.0311
0.5000 0.5625 1.3378 0.0322
0.5625 0.6250 1.1805 0.0335
0.6250 0.6875 1.2056 0.0319
0.6875 0.7500 1.3058 0.0363
0.7500 0.8125 1.3174 0.0358
0.8125 0.8750 1.7051 0.0416
0.8750 0.9375 2.0320 0.0433
0.9375 1.0000 2.6703 0.0519
#PMF from MBAR in kcal/mol
0.0000 0.0000 0.0000
0.0625 2.2148 0.0268
0.1250 4.4553 0.0454
0.1875 6.5130 0.0603
0.2500 8.3496 0.0715
0.3125 10.1435 0.0813
0.3750 11.8725 0.0904
0.4375 13.3980 0.0995
0.5000 14.7952 0.1075
0.5625 16.1330 0.1152
0.6250 17.3135 0.1230
0.6875 18.5191 0.1298
0.7500 19.8249 0.1374
0.8125 21.1423 0.1447
0.8750 22.8473 0.1530
0.9375 24.8794 0.1616
1.0000 27.5497 0.1721
#TI average gradients and standard deviation in kcal/mol
0.0000 31.1984 17.5750
0.0625 37.1957 16.9382
0.1250 36.9045 17.5661
0.1875 29.9581 17.9262
0.2500 29.5936 18.0282
0.3125 27.5604 18.8755
0.3750 26.5352 18.6391
0.4375 21.5201 19.2560
0.5000 23.1575 19.8163
0.5625 19.5406 20.6523
0.6250 18.2217 20.1166
0.6875 21.8392 20.7844
0.7500 18.7450 21.7386
0.8125 24.4551 20.9932
0.8750 29.1446 24.6703
0.9375 38.6305 25.5100
1.0000 47.8724 28.0618
#PMF from TI in kcal/mol
0.0000 0.0000
0.0625 2.1373
0.1250 4.4529
0.1875 6.5424
0.2500 8.4034
0.3125 10.1895
0.3750 11.8799
0.4375 13.3817
0.5000 14.7778
0.5625 16.1122
0.6250 17.2922
0.6875 18.5441
0.7500 19.8124
0.8125 21.1624
0.8750 22.8374
0.9375 24.9553
1.0000 27.6586
#MBAR free energy difference in kcal/mol: 
27.549694, 0.172125 
#TI free energy difference in kcal/mol: 
27.658562  
