# Analysing data contained in file(s) ['/home/jguven/projects/metalloenzymes/kpc2/outputs/SOMD/lig_13~lig_3/bound/lambda_0.0000/simfile.dat', '/home/jguven/projects/metalloenzymes/kpc2/outputs/SOMD/lig_13~lig_3/bound/lambda_0.0625/simfile.dat', '/home/jguven/projects/metalloenzymes/kpc2/outputs/SOMD/lig_13~lig_3/bound/lambda_0.1250/simfile.dat', '/home/jguven/projects/metalloenzymes/kpc2/outputs/SOMD/lig_13~lig_3/bound/lambda_0.1875/simfile.dat', '/home/jguven/projects/metalloenzymes/kpc2/outputs/SOMD/lig_13~lig_3/bound/lambda_0.2500/simfile.dat', '/home/jguven/projects/metalloenzymes/kpc2/outputs/SOMD/lig_13~lig_3/bound/lambda_0.3125/simfile.dat', '/home/jguven/projects/metalloenzymes/kpc2/outputs/SOMD/lig_13~lig_3/bound/lambda_0.3750/simfile.dat', '/home/jguven/projects/metalloenzymes/kpc2/outputs/SOMD/lig_13~lig_3/bound/lambda_0.4375/simfile.dat', '/home/jguven/projects/metalloenzymes/kpc2/outputs/SOMD/lig_13~lig_3/bound/lambda_0.5000/simfile.dat', '/home/jguven/projects/metalloenzymes/kpc2/outputs/SOMD/lig_13~lig_3/bound/lambda_0.5625/simfile.dat', '/home/jguven/projects/metalloenzymes/kpc2/outputs/SOMD/lig_13~lig_3/bound/lambda_0.6250/simfile.dat', '/home/jguven/projects/metalloenzymes/kpc2/outputs/SOMD/lig_13~lig_3/bound/lambda_0.6875/simfile.dat', '/home/jguven/projects/metalloenzymes/kpc2/outputs/SOMD/lig_13~lig_3/bound/lambda_0.7500/simfile.dat', '/home/jguven/projects/metalloenzymes/kpc2/outputs/SOMD/lig_13~lig_3/bound/lambda_0.8125/simfile.dat', '/home/jguven/projects/metalloenzymes/kpc2/outputs/SOMD/lig_13~lig_3/bound/lambda_0.8750/simfile.dat', '/home/jguven/projects/metalloenzymes/kpc2/outputs/SOMD/lig_13~lig_3/bound/lambda_0.9375/simfile.dat', '/home/jguven/projects/metalloenzymes/kpc2/outputs/SOMD/lig_13~lig_3/bound/lambda_1.0000/simfile.dat']
#Overlap matrix
0.6989 0.2620 0.0381 0.0011 0.0000 0.0000 0.0000 0.0000 0.0000 0.0000 0.0000 0.0000 0.0000 0.0000 0.0000 0.0000 0.0000
0.2620 0.4690 0.2447 0.0239 0.0005 0.0000 0.0000 0.0000 0.0000 0.0000 0.0000 0.0000 0.0000 0.0000 0.0000 0.0000 0.0000
0.0381 0.2447 0.4801 0.2154 0.0211 0.0005 0.0000 0.0000 0.0000 0.0000 0.0000 0.0000 0.0000 0.0000 0.0000 0.0000 0.0000
0.0011 0.0239 0.2154 0.5034 0.2303 0.0254 0.0006 0.0000 0.0000 0.0000 0.0000 0.0000 0.0000 0.0000 0.0000 0.0000 0.0000
0.0000 0.0005 0.0211 0.2303 0.4893 0.2365 0.0220 0.0002 0.0000 0.0000 0.0000 0.0000 0.0000 0.0000 0.0000 0.0000 0.0000
0.0000 0.0000 0.0005 0.0254 0.2365 0.5010 0.2246 0.0119 0.0001 0.0000 0.0000 0.0000 0.0000 0.0000 0.0000 0.0000 0.0000
0.0000 0.0000 0.0000 0.0006 0.0220 0.2246 0.5422 0.1983 0.0122 0.0001 0.0000 0.0000 0.0000 0.0000 0.0000 0.0000 0.0000
0.0000 0.0000 0.0000 0.0000 0.0002 0.0119 0.1983 0.5605 0.2177 0.0113 0.0001 0.0000 0.0000 0.0000 0.0000 0.0000 0.0000
0.0000 0.0000 0.0000 0.0000 0.0000 0.0001 0.0122 0.2177 0.5541 0.2060 0.0099 0.0001 0.0000 0.0000 0.0000 0.0000 0.0000
0.0000 0.0000 0.0000 0.0000 0.0000 0.0000 0.0001 0.0113 0.2060 0.5673 0.2078 0.0074 0.0000 0.0000 0.0000 0.0000 0.0000
0.0000 0.0000 0.0000 0.0000 0.0000 0.0000 0.0000 0.0001 0.0099 0.2078 0.5884 0.1888 0.0051 0.0000 0.0000 0.0000 0.0000
0.0000 0.0000 0.0000 0.0000 0.0000 0.0000 0.0000 0.0000 0.0001 0.0074 0.1888 0.6240 0.1757 0.0040 0.0000 0.0000 0.0000
0.0000 0.0000 0.0000 0.0000 0.0000 0.0000 0.0000 0.0000 0.0000 0.0000 0.0051 0.1757 0.6459 0.1708 0.0025 0.0000 0.0000
0.0000 0.0000 0.0000 0.0000 0.0000 0.0000 0.0000 0.0000 0.0000 0.0000 0.0000 0.0040 0.1708 0.6697 0.1535 0.0020 0.0000
0.0000 0.0000 0.0000 0.0000 0.0000 0.0000 0.0000 0.0000 0.0000 0.0000 0.0000 0.0000 0.0025 0.1535 0.6799 0.1625 0.0015
0.0000 0.0000 0.0000 0.0000 0.0000 0.0000 0.0000 0.0000 0.0000 0.0000 0.0000 0.0000 0.0000 0.0020 0.1625 0.7004 0.1351
0.0000 0.0000 0.0000 0.0000 0.0000 0.0000 0.0000 0.0000 0.0000 0.0000 0.0000 0.0000 0.0000 0.0000 0.0015 0.1351 0.8634
#DG from neighbouring lambda in kcal/mol
0.0000 0.0625 -0.8337 0.0253
0.0625 0.1250 -0.7743 0.0248
0.1250 0.1875 -0.9457 0.0295
0.1875 0.2500 -1.1242 0.0277
0.2500 0.3125 -1.0814 0.0270
0.3125 0.3750 -1.0319 0.0297
0.3750 0.4375 -1.2931 0.0342
0.4375 0.5000 -1.4196 0.0317
0.5000 0.5625 -1.4026 0.0335
0.5625 0.6250 -1.2996 0.0338
0.6250 0.6875 -1.1840 0.0372
0.6875 0.7500 -1.0732 0.0399
0.7500 0.8125 -0.9346 0.0412
0.8125 0.8750 -0.8526 0.0449
0.8750 0.9375 -0.5895 0.0433
0.9375 1.0000 0.1076 0.0498
#PMF from MBAR in kcal/mol
0.0000 0.0000 0.0000
0.0625 -0.8337 0.0253
0.1250 -1.6080 0.0423
0.1875 -2.5537 0.0576
0.2500 -3.6779 0.0689
0.3125 -4.7593 0.0781
0.3750 -5.7912 0.0874
0.4375 -7.0843 0.0977
0.5000 -8.5039 0.1062
0.5625 -9.9066 0.1147
0.6250 -11.2062 0.1227
0.6875 -12.3902 0.1312
0.7500 -13.4633 0.1400
0.8125 -14.3980 0.1487
0.8750 -15.2506 0.1580
0.9375 -15.8401 0.1665
1.0000 -15.7325 0.1762
#TI average gradients and standard deviation in kcal/mol
0.0000 -14.4786 15.3595
0.0625 -13.5183 15.9678
0.1250 -10.1219 16.3302
0.1875 -18.1989 16.7040
0.2500 -17.5473 16.8330
0.3125 -16.9477 17.8210
0.3750 -15.4730 18.3909
0.4375 -23.6151 18.8460
0.5000 -22.5579 19.6032
0.5625 -21.4320 19.7385
0.6250 -18.4297 20.8748
0.6875 -16.9168 22.2472
0.7500 -17.3155 21.7881
0.8125 -13.5149 22.2917
0.8750 -13.5304 25.5997
0.9375 -2.7253 25.1151
1.0000 7.5469 27.5786
#PMF from TI in kcal/mol
0.0000 0.0000
0.0625 -0.8749
0.1250 -1.6137
0.1875 -2.4987
0.2500 -3.6157
0.3125 -4.6937
0.3750 -5.7069
0.4375 -6.9284
0.5000 -8.3713
0.5625 -9.7460
0.6250 -10.9916
0.6875 -12.0962
0.7500 -13.1660
0.8125 -14.1294
0.8750 -14.9746
0.9375 -15.4826
1.0000 -15.3319
#MBAR free energy difference in kcal/mol: 
-15.732499, 0.176231 
#TI free energy difference in kcal/mol: 
-15.331913  
