# Analysing data contained in file(s) ['/home/jguven/projects/metalloenzymes/kpc2/outputs/SOMD/lig_9~lig_10/bound/lambda_0.0000/simfile.dat', '/home/jguven/projects/metalloenzymes/kpc2/outputs/SOMD/lig_9~lig_10/bound/lambda_0.0625/simfile.dat', '/home/jguven/projects/metalloenzymes/kpc2/outputs/SOMD/lig_9~lig_10/bound/lambda_0.1250/simfile.dat', '/home/jguven/projects/metalloenzymes/kpc2/outputs/SOMD/lig_9~lig_10/bound/lambda_0.1875/simfile.dat', '/home/jguven/projects/metalloenzymes/kpc2/outputs/SOMD/lig_9~lig_10/bound/lambda_0.2500/simfile.dat', '/home/jguven/projects/metalloenzymes/kpc2/outputs/SOMD/lig_9~lig_10/bound/lambda_0.3125/simfile.dat', '/home/jguven/projects/metalloenzymes/kpc2/outputs/SOMD/lig_9~lig_10/bound/lambda_0.3750/simfile.dat', '/home/jguven/projects/metalloenzymes/kpc2/outputs/SOMD/lig_9~lig_10/bound/lambda_0.4375/simfile.dat', '/home/jguven/projects/metalloenzymes/kpc2/outputs/SOMD/lig_9~lig_10/bound/lambda_0.5000/simfile.dat', '/home/jguven/projects/metalloenzymes/kpc2/outputs/SOMD/lig_9~lig_10/bound/lambda_0.5625/simfile.dat', '/home/jguven/projects/metalloenzymes/kpc2/outputs/SOMD/lig_9~lig_10/bound/lambda_0.6250/simfile.dat', '/home/jguven/projects/metalloenzymes/kpc2/outputs/SOMD/lig_9~lig_10/bound/lambda_0.6875/simfile.dat', '/home/jguven/projects/metalloenzymes/kpc2/outputs/SOMD/lig_9~lig_10/bound/lambda_0.7500/simfile.dat', '/home/jguven/projects/metalloenzymes/kpc2/outputs/SOMD/lig_9~lig_10/bound/lambda_0.8125/simfile.dat', '/home/jguven/projects/metalloenzymes/kpc2/outputs/SOMD/lig_9~lig_10/bound/lambda_0.8750/simfile.dat', '/home/jguven/projects/metalloenzymes/kpc2/outputs/SOMD/lig_9~lig_10/bound/lambda_0.9375/simfile.dat', '/home/jguven/projects/metalloenzymes/kpc2/outputs/SOMD/lig_9~lig_10/bound/lambda_1.0000/simfile.dat']
#Overlap matrix
0.9989 0.0011 0.0000 0.0000 0.0000 0.0000 0.0000 0.0000 0.0000 0.0000 0.0000 0.0000 0.0000 0.0000 0.0000 0.0000 0.0000
0.0011 0.9957 0.0032 0.0000 0.0000 0.0000 0.0000 0.0000 0.0000 0.0000 0.0000 0.0000 0.0000 0.0000 0.0000 0.0000 0.0000
0.0000 0.0032 0.9967 0.0001 0.0000 0.0000 0.0000 0.0000 0.0000 0.0000 0.0000 0.0000 0.0000 0.0000 0.0000 0.0000 0.0000
0.0000 0.0000 0.0001 0.9998 0.0001 0.0000 0.0000 0.0000 0.0000 0.0000 0.0000 0.0000 0.0000 0.0000 0.0000 0.0000 0.0000
0.0000 0.0000 0.0000 0.0001 0.9991 0.0009 0.0000 0.0000 0.0000 0.0000 0.0000 0.0000 0.0000 0.0000 0.0000 0.0000 0.0000
0.0000 0.0000 0.0000 0.0000 0.0009 0.9987 0.0004 0.0000 0.0000 0.0000 0.0000 0.0000 0.0000 0.0000 0.0000 0.0000 0.0000
0.0000 0.0000 0.0000 0.0000 0.0000 0.0004 0.9486 0.0509 0.0000 0.0000 0.0000 0.0000 0.0000 0.0000 0.0000 0.0000 0.0000
0.0000 0.0000 0.0000 0.0000 0.0000 0.0000 0.0509 0.9491 0.0000 0.0000 0.0000 0.0000 0.0000 0.0000 0.0000 0.0000 0.0000
0.0000 0.0000 0.0000 0.0000 0.0000 0.0000 0.0000 0.0000 0.9984 0.0016 0.0000 0.0000 0.0000 0.0000 0.0000 0.0000 0.0000
0.0000 0.0000 0.0000 0.0000 0.0000 0.0000 0.0000 0.0000 0.0016 0.9984 0.0000 0.0000 0.0000 0.0000 0.0000 0.0000 0.0000
0.0000 0.0000 0.0000 0.0000 0.0000 0.0000 0.0000 0.0000 0.0000 0.0000 1.0000 0.0000 0.0000 0.0000 0.0000 0.0000 0.0000
0.0000 0.0000 0.0000 0.0000 0.0000 0.0000 0.0000 0.0000 0.0000 0.0000 0.0000 0.9991 0.0009 0.0000 0.0000 0.0000 0.0000
0.0000 0.0000 0.0000 0.0000 0.0000 0.0000 0.0000 0.0000 0.0000 0.0000 0.0000 0.0009 0.9988 0.0003 0.0000 0.0000 0.0000
0.0000 0.0000 0.0000 0.0000 0.0000 0.0000 0.0000 0.0000 0.0000 0.0000 0.0000 0.0000 0.0003 0.9961 0.0036 0.0000 0.0000
0.0000 0.0000 0.0000 0.0000 0.0000 0.0000 0.0000 0.0000 0.0000 0.0000 0.0000 0.0000 0.0000 0.0036 0.9903 0.0061 0.0000
0.0000 0.0000 0.0000 0.0000 0.0000 0.0000 0.0000 0.0000 0.0000 0.0000 0.0000 0.0000 0.0000 0.0000 0.0061 0.9896 0.0043
0.0000 0.0000 0.0000 0.0000 0.0000 0.0000 0.0000 0.0000 0.0000 0.0000 0.0000 0.0000 0.0000 0.0000 0.0000 0.0043 0.9957
#DG from neighbouring lambda in kcal/mol
0.0000 0.0625 -22.8249 0.6151
0.0625 0.1250 -23.0681 0.3599
0.1250 0.1875 -23.7279 2.0352
0.1875 0.2500 -25.7803 2.2291
0.2500 0.3125 -22.3900 0.6986
0.3125 0.3750 -26.4933 0.9950
0.3750 0.4375 -7.7024 0.0859
0.4375 0.5000 -6.7887 11.1249
0.5000 0.5625 18.5270 0.5038
0.5625 0.6250 26.2017 18.9717
0.6250 0.6875 30.8555 715.3865
0.6875 0.7500 24.8874 0.6648
0.7500 0.8125 26.8612 1.2134
0.8125 0.8750 26.8952 0.3375
0.8750 0.9375 27.0810 0.2609
0.9375 1.0000 27.4287 0.3101
#PMF from MBAR in kcal/mol
0.0000 0.0000 0.0000
0.0625 -22.8249 0.6151
0.1250 -45.8930 0.7133
0.1875 -69.6209 2.1568
0.2500 -95.4012 3.1018
0.3125 -117.7912 3.1797
0.3750 -144.2845 3.3318
0.4375 -151.9868 3.3331
0.5000 -158.7755 11.6135
0.5625 -140.2485 11.6075
0.6250 -114.0468 22.2410
0.6875 -83.1913 715.7321
0.7500 -58.3039 715.7325
0.8125 -31.4427 715.7335
0.8750 -4.5475 715.7336
0.9375 22.5335 715.7336
1.0000 49.9622 715.7337
#TI average gradients and standard deviation in kcal/mol
0.0000 -305.5156 54.4725
0.0625 -372.3807 40.7782
0.1250 -338.0937 52.7997
0.1875 -424.4753 86.5895
0.2500 -407.6899 54.6914
0.3125 -341.0546 81.4852
0.3750 -271.7675 53.5197
0.4375 1.6919 23.3727
0.5000 53.3430 32.4307
0.5625 444.8302 70.8476
0.6250 436.0593 53.7228
0.6875 374.3447 56.7321
0.7500 444.7424 69.2739
0.8125 388.6114 45.0842
0.8750 414.4884 61.0204
0.9375 457.9449 61.4530
1.0000 445.5190 59.5878
#PMF from TI in kcal/mol
0.0000 0.0000
0.0625 -21.1843
0.1250 -43.3866
0.1875 -67.2169
0.2500 -93.2220
0.3125 -116.6203
0.3750 -135.7710
0.4375 -144.2108
0.5000 -142.4910
0.5625 -126.9231
0.6250 -99.3953
0.6875 -74.0702
0.7500 -48.4737
0.8125 -22.4314
0.8750 2.6655
0.9375 29.9290
1.0000 58.1623
#MBAR free energy difference in kcal/mol: 
49.962246, 715.733684 
#TI free energy difference in kcal/mol: 
58.162261  #WARNING SUBSAMPLING GRADIENTS RESULTED IN LESS THAN 50 SAMPLES, CONSIDER RERUN WITHOUT SUBSAMPLE OPTION 
