Run semi-empirical minimization
 &qmmm
    qm_theory='AM1', grms_tol=0.0005,
 scfconv=1.d-10, ndiis_attempts=700,   qmcharge=-1,
 /
   6     C      -38.7500        4.8890        9.0620 
   6    C1      -37.7090        4.0210        8.8880 
   6    C2      -36.5110        4.4700        8.3440 
   6    C3      -34.2530        3.9650        7.6840 
   6    C4      -34.0760        5.3380        7.2940 
   6    C5      -35.0870        6.2320        7.4060 
   6    C6      -34.8470        7.6720        7.0030 
   6    C7      -36.3690        5.8020        7.9710 
   6    C8      -37.4430        6.6720        8.1620 
   6    C9      -38.6150        6.2210        8.6980 
   7     N      -35.4480        3.5980        8.1760 
   8     O      -34.0280        6.5820        4.6010 
   8    O1      -33.6580        9.0800        4.9690 
   8    O2      -36.0170        8.1740        4.6050 
  15     P      -34.5430        7.8740        5.1960 
   8    O3      -33.3050        3.1940        7.5490 
   1     H      -39.6110        4.5640        9.4530 
   1    H1      -37.8090        3.0620        9.1530 
   1    H2      -33.1920        5.6370        6.9340 
   1    H3      -34.0520        8.0160        7.5030 
   1    H4      -35.6750        8.1860        7.2250 
   1    H5      -37.3540        7.6340        7.9030 
   1    H6      -39.3790        6.8530        8.8280 
   1    H7      -35.5560        2.7550        8.4060 
   1    H8      -36.5490        8.7470        5.2370 

