Run semi-empirical minimization
 &qmmm
    qm_theory='AM1', grms_tol=0.0005,
 scfconv=1.d-10, ndiis_attempts=700,   qmcharge=-1,
 /
   6     C      -38.9420        5.5090        9.0160 
   6    C1      -38.0200        4.5050        8.9340 
   6    C2      -36.7360        4.7560        8.4530 
   6    C3      -34.5210        3.9590        7.9520 
   6    C4      -34.1500        5.2840        7.5350 
   6    C5      -35.0460        6.2980        7.5550 
   6    C6      -34.5990        7.6800        7.1270 
   6    C7      -36.4010        6.0460        8.0510 
   6    C8      -37.3550        7.0600        8.1460 
   6    C9      -38.6070        6.7950        8.6200 
   7     N      -35.7840        3.7440        8.3730 
   8     O      -34.0300        6.5840        4.6570 
   8    O1      -33.6580        9.0870        4.9660 
   8    O2      -36.0300        8.1500        4.8650 
  15     P      -34.4970        7.8720        5.2950 
   8    O3      -33.6390        3.1030        7.8890 
   6   C10      -36.1460        2.3710        8.7660 
   1     H      -39.8610        5.3170        9.3620 
   1    H1      -38.2680        3.5800        9.2220 
   1    H2      -33.2150        5.4580        7.2250 
   1    H3      -33.6980        7.8610        7.5190 
   1    H4      -35.2850        8.3300        7.4550 
   1    H5      -37.1190        7.9900        7.8640 
   1    H6      -39.2830        7.5290        8.6820 
   1    H7      -36.4670        8.8070        5.4890 
   1    H8      -35.3480        1.7790        8.6510 
   1    H9      -36.4390        2.3590        9.7220 
   1   H10      -36.8960        2.0430        8.1910 

