Run semi-empirical minimization
 &qmmm
    qm_theory='AM1', grms_tol=0.0005,
 scfconv=1.d-10, ndiis_attempts=700,   qmcharge=-1,
 /
   6     C      -38.6770        4.7190        8.7840 
   6    C1      -37.6430        3.8360        8.6440 
   6    C2      -36.4240        4.3280        8.1870 
   6    C3      -34.2020        3.9300        7.6630 
   6    C4      -33.9810        5.3030        7.3220 
   6    C5      -35.0010        6.1810        7.3990 
   6    C6      -34.7670        7.6330        7.0390 
   6    C7      -36.2880        5.6910        7.8790 
   6    C8      -37.3680        6.5690        8.0410 
   6    C9      -38.5410        6.0460        8.4930 
   8     O      -35.4000        3.4380        8.0620 
   8    O1      -33.8880        6.7020        4.5920 
   8    O2      -33.8820        9.2230        4.9850 
   8    O3      -36.0920        7.9760        4.6930 
  15     P      -34.5670        7.8960        5.2250 
   8    O4      -39.9070        4.4720        9.1980 
   8    O5      -33.2190        3.2010        7.5620 
   8    O6      -39.6850        6.6770        8.7190 
   6   C10      -40.6720        5.7140        9.1930 
   1     H      -37.7590        2.8670        8.8630 
   1    H1      -33.0750        5.6080        7.0300 
   1    H2      -33.9390        7.9490        7.5030 
   1    H3      -35.5720        8.1490        7.3310 
   1    H4      -37.2810        7.5440        7.8330 
   1    H5      -36.6520        8.5610        5.2890 
   1    H6      -41.4550        5.6590        8.5740 
   1    H7      -41.0680        5.9470       10.0820 

