Run semi-empirical minimization
 &qmmm
    qm_theory='AM1', grms_tol=0.0005,
 scfconv=1.d-10, ndiis_attempts=700,   qmcharge=-1,
 /
   6     C      -34.7370        2.8320        8.5960 
   6    C1      -35.9790        3.3890        8.7230 
   6    C2      -36.1910        4.7110        8.3520 
   6    C3      -37.7390        6.5360        8.1010 
   6    C4      -36.6740        7.3480        7.5770 
   6    C5      -35.4140        6.8640        7.4720 
   6    C6      -34.3260        7.7460        6.8970 
   6    C7      -35.1420        5.4760        7.8550 
   6    C8      -33.8830        4.8860        7.7290 
   6    C9      -33.6850        3.5850        8.0950 
   7     N      -37.4510        5.2760        8.4670 
   8     O      -33.4080        8.9190        4.5940 
   8    O1      -35.8170        8.0830        4.5940 
   8    O2      -33.8850        6.4140        4.5690 
  15     P      -34.3930        7.8690        5.0580 
   8    O3      -38.8600        7.0340        8.1880 
   1     H      -34.5870        1.8810        8.8650 
   1    H1      -36.7360        2.8430        9.0840 
   1    H2      -36.8670        8.2850        7.2850 
   1    H3      -33.4370        7.3720        7.1610 
   1    H4      -34.4640        8.6670        7.2610 
   1    H5      -33.1190        5.4200        7.3670 
   1    H6      -32.7780        3.1740        8.0010 
   1    H7      -38.1040        4.7840        8.7960 
   1    H8      -34.1270        5.7030        5.2380 

