# Analysing data contained in file(s) ['/home/jguven/projects/metalloenzymes/kpc2/outputs/SOMD/lig_5~lig_10/bound/lambda_0.0000/simfile.dat', '/home/jguven/projects/metalloenzymes/kpc2/outputs/SOMD/lig_5~lig_10/bound/lambda_0.0625/simfile.dat', '/home/jguven/projects/metalloenzymes/kpc2/outputs/SOMD/lig_5~lig_10/bound/lambda_0.1250/simfile.dat', '/home/jguven/projects/metalloenzymes/kpc2/outputs/SOMD/lig_5~lig_10/bound/lambda_0.1875/simfile.dat', '/home/jguven/projects/metalloenzymes/kpc2/outputs/SOMD/lig_5~lig_10/bound/lambda_0.2500/simfile.dat', '/home/jguven/projects/metalloenzymes/kpc2/outputs/SOMD/lig_5~lig_10/bound/lambda_0.3125/simfile.dat', '/home/jguven/projects/metalloenzymes/kpc2/outputs/SOMD/lig_5~lig_10/bound/lambda_0.3750/simfile.dat', '/home/jguven/projects/metalloenzymes/kpc2/outputs/SOMD/lig_5~lig_10/bound/lambda_0.4375/simfile.dat', '/home/jguven/projects/metalloenzymes/kpc2/outputs/SOMD/lig_5~lig_10/bound/lambda_0.5000/simfile.dat', '/home/jguven/projects/metalloenzymes/kpc2/outputs/SOMD/lig_5~lig_10/bound/lambda_0.5625/simfile.dat', '/home/jguven/projects/metalloenzymes/kpc2/outputs/SOMD/lig_5~lig_10/bound/lambda_0.6250/simfile.dat', '/home/jguven/projects/metalloenzymes/kpc2/outputs/SOMD/lig_5~lig_10/bound/lambda_0.6875/simfile.dat', '/home/jguven/projects/metalloenzymes/kpc2/outputs/SOMD/lig_5~lig_10/bound/lambda_0.7500/simfile.dat', '/home/jguven/projects/metalloenzymes/kpc2/outputs/SOMD/lig_5~lig_10/bound/lambda_0.8125/simfile.dat', '/home/jguven/projects/metalloenzymes/kpc2/outputs/SOMD/lig_5~lig_10/bound/lambda_0.8750/simfile.dat', '/home/jguven/projects/metalloenzymes/kpc2/outputs/SOMD/lig_5~lig_10/bound/lambda_0.9375/simfile.dat', '/home/jguven/projects/metalloenzymes/kpc2/outputs/SOMD/lig_5~lig_10/bound/lambda_1.0000/simfile.dat']
#Overlap matrix
0.9966 0.0034 0.0000 0.0000 0.0000 0.0000 0.0000 0.0000 0.0000 0.0000 0.0000 0.0000 0.0000 0.0000 0.0000 0.0000 0.0000
0.0034 0.9899 0.0067 0.0000 0.0000 0.0000 0.0000 0.0000 0.0000 0.0000 0.0000 0.0000 0.0000 0.0000 0.0000 0.0000 0.0000
0.0000 0.0067 0.9932 0.0001 0.0000 0.0000 0.0000 0.0000 0.0000 0.0000 0.0000 0.0000 0.0000 0.0000 0.0000 0.0000 0.0000
0.0000 0.0000 0.0001 0.9982 0.0017 0.0000 0.0000 0.0000 0.0000 0.0000 0.0000 0.0000 0.0000 0.0000 0.0000 0.0000 0.0000
0.0000 0.0000 0.0000 0.0017 0.9972 0.0010 0.0000 0.0000 0.0000 0.0000 0.0000 0.0000 0.0000 0.0000 0.0000 0.0000 0.0000
0.0000 0.0000 0.0000 0.0000 0.0010 0.9989 0.0000 0.0000 0.0000 0.0000 0.0000 0.0000 0.0000 0.0000 0.0000 0.0000 0.0000
0.0000 0.0000 0.0000 0.0000 0.0000 0.0000 0.9760 0.0240 0.0000 0.0000 0.0000 0.0000 0.0000 0.0000 0.0000 0.0000 0.0000
0.0000 0.0000 0.0000 0.0000 0.0000 0.0000 0.0240 0.9722 0.0003 0.0033 0.0001 0.0000 0.0000 0.0000 0.0000 0.0000 0.0000
0.0000 0.0000 0.0000 0.0000 0.0000 0.0000 0.0000 0.0003 0.9854 0.0142 0.0000 0.0000 0.0000 0.0000 0.0000 0.0000 0.0000
0.0000 0.0000 0.0000 0.0000 0.0000 0.0000 0.0000 0.0033 0.0142 0.9823 0.0001 0.0000 0.0000 0.0000 0.0000 0.0000 0.0000
0.0000 0.0000 0.0000 0.0000 0.0000 0.0000 0.0000 0.0001 0.0000 0.0001 0.9995 0.0003 0.0000 0.0000 0.0000 0.0000 0.0000
0.0000 0.0000 0.0000 0.0000 0.0000 0.0000 0.0000 0.0000 0.0000 0.0000 0.0003 0.9997 0.0001 0.0000 0.0000 0.0000 0.0000
0.0000 0.0000 0.0000 0.0000 0.0000 0.0000 0.0000 0.0000 0.0000 0.0000 0.0000 0.0001 0.9971 0.0028 0.0000 0.0000 0.0000
0.0000 0.0000 0.0000 0.0000 0.0000 0.0000 0.0000 0.0000 0.0000 0.0000 0.0000 0.0000 0.0028 0.9952 0.0020 0.0000 0.0000
0.0000 0.0000 0.0000 0.0000 0.0000 0.0000 0.0000 0.0000 0.0000 0.0000 0.0000 0.0000 0.0000 0.0020 0.9966 0.0014 0.0000
0.0000 0.0000 0.0000 0.0000 0.0000 0.0000 0.0000 0.0000 0.0000 0.0000 0.0000 0.0000 0.0000 0.0000 0.0014 0.9882 0.0104
0.0000 0.0000 0.0000 0.0000 0.0000 0.0000 0.0000 0.0000 0.0000 0.0000 0.0000 0.0000 0.0000 0.0000 0.0000 0.0104 0.9896
#DG from neighbouring lambda in kcal/mol
0.0000 0.0625 -17.3445 0.3495
0.0625 0.1250 -18.3232 0.2494
0.1250 0.1875 -20.0915 2.0483
0.1875 0.2500 -20.3355 0.4895
0.2500 0.3125 -16.9998 0.6335
0.3125 0.3750 -25.6060 7.4173
0.3750 0.4375 -11.9592 0.1291
0.4375 0.5000 -6.3926 0.3691
0.5000 0.5625 15.5538 0.1675
0.5625 0.6250 22.1604 1.4531
0.6250 0.6875 31.5371 1.2965
0.6875 0.7500 27.3621 2.3081
0.7500 0.8125 27.9601 0.3877
0.8125 0.8750 27.1853 0.4521
0.8750 0.9375 27.1473 0.5559
0.9375 1.0000 25.6629 0.1989
#PMF from MBAR in kcal/mol
0.0000 0.0000 0.0000
0.0625 -17.3445 0.3495
0.1250 -35.6678 0.4304
0.1875 -55.7592 2.0932
0.2500 -76.0948 2.1499
0.3125 -93.0946 2.2414
0.3750 -118.7006 7.7486
0.4375 -130.6598 7.7497
0.5000 -137.0524 7.7586
0.5625 -121.4986 7.7571
0.6250 -99.3382 7.8870
0.6875 -67.8011 7.9929
0.7500 -40.4391 8.3196
0.8125 -12.4789 8.3286
0.8750 14.7064 8.3410
0.9375 41.8537 8.3595
1.0000 67.5166 8.3619
#TI average gradients and standard deviation in kcal/mol
0.0000 -285.8073 37.6405
0.0625 -297.8381 46.6418
0.1250 -276.4436 62.9303
0.1875 -342.6273 66.7099
0.2500 -301.6346 67.7198
0.3125 -328.1606 113.8247
0.3750 -332.6275 42.7924
0.4375 -71.6346 42.0276
0.5000 41.3754 57.5209
0.5625 377.5688 52.7334
0.6250 393.7898 35.7119
0.6875 596.2689 78.4882
0.7500 388.0780 56.3559
0.8125 472.3255 44.6487
0.8750 425.9148 51.7799
0.9375 402.0124 47.6733
1.0000 388.0192 50.7971
#PMF from TI in kcal/mol
0.0000 0.0000
0.0625 -18.2389
0.1250 -36.1852
0.1875 -55.5312
0.2500 -75.6644
0.3125 -95.3455
0.3750 -115.9951
0.4375 -128.6283
0.5000 -129.5739
0.5625 -116.4819
0.6250 -92.3769
0.6875 -61.4376
0.7500 -30.6768
0.8125 -3.7891
0.8750 24.2809
0.9375 50.1536
1.0000 74.8421
#MBAR free energy difference in kcal/mol: 
67.516603, 8.361927 
#TI free energy difference in kcal/mol: 
74.842078  #WARNING SUBSAMPLING GRADIENTS RESULTED IN LESS THAN 50 SAMPLES, CONSIDER RERUN WITHOUT SUBSAMPLE OPTION 
