Run semi-empirical minimization
 &qmmm
    qm_theory='AM1', grms_tol=0.0005,
 scfconv=1.d-10, ndiis_attempts=700,   qmcharge=-2,
 /
   6   C02       15.3590       -1.0030        9.0020 
   6   C03       16.5550       -0.3770        8.7260 
   6   C04       16.5540        0.9810        8.4700 
   6   C06       14.2000       -0.2480        9.0150 
   6   C07       14.2150        1.1420        8.7510 
   6   C08       15.3910        1.8330        8.4650 
   6   C09       15.2630        3.2500        8.2160 
   6   C10       16.3300        4.2960        7.8630 
   6   C15       13.9850        3.7940        8.2820 
   6   C16       12.8750        3.0230        8.5740 
   7   N18       13.0110        1.7370        8.7990 
   8   O12       17.3480        3.1590        5.5400 
   8   O13       17.3180        5.6220        5.6220 
   8   O14       15.2290        4.3560        5.3220 
  15   P11       16.5710        4.3660        6.0100 
   1  H102       16.0390        5.1930        8.1960 
   1  H103       17.1950        4.0510        8.3020 
   1   H03       17.4090       -0.8970        8.7110 
   1   H06       13.3290       -0.6960        9.2160 
   1   H15       13.8650        4.7720        8.1130 
   1    H2       15.3300       -1.9850        9.1900 
   1    H3       17.4360        1.4090        8.2720 
   1    H4       11.9690        3.4450        8.6140 

